0.97441 8.02214
0.97441 8.02215
0.97441 8.02213
0.97441 8.02212
0.97441 8.0221
0.9744 8.02208
0.9744 8.02206
0.9744 8.02205
0.9744 8.02203
0.9744 8.02201
0.9744 8.02199
0.9744 8.02197
0.97439 8.02195
0.97439 8.02194
0.97439 8.02193
0.97439 8.02192
0.97439 8.02191
0.97439 8.02189
0.97439 8.02188
0.97438 8.02187
0.97438 8.02185
0.97438 8.02184
0.97438 8.02183
0.97438 8.02181
0.97438 8.0218
0.97437 8.02178
0.97437 8.02177
0.97437 8.02176
0.97437 8.02174
0.97437 8.02172
0.97437 8.02171
0.97436 8.02168
0.97436 8.02166
0.97436 8.02164
0.97436 8.02161
0.97436 8.02159
0.97435 8.02157
0.97435 8.02154
0.97435 8.02152
0.97435 8.0215
0.97435 8.02147
0.97434 8.02145
0.97434 8.02142
0.97434 8.02139
0.97434 8.02137
0.97434 8.02134
0.97433 8.02132
0.97433 8.02129
0.97433 8.02127
0.97433 8.02124
0.97432 8.02121
0.97432 8.02119
0.97432 8.02116
0.97432 8.02113
0.97432 8.0211
0.97431 8.02107
0.97431 8.02104
0.97431 8.02101
0.97431 8.02098
0.9743 8.02095
0.9743 8.02092
0.9743 8.0209
0.97429 8.02086
0.97429 8.02083
0.97429 8.02079
0.97428 8.02072
0.97428 8.02068
0.97428 8.02065
0.97427 8.02062
0.97427 8.02059
0.97427 8.02056
0.97426 8.02054
0.97426 8.02051
0.97425 8.02049
0.97425 8.02047
0.97425 8.02045
0.97424 8.02043
0.97424 8.02041
0.97424 8.02038
0.97423 8.02036
0.97423 8.02034
0.97422 8.02032
0.97422 8.02029
0.97422 8.02027
0.97421 8.02025
0.97421 8.02023
0.97421 8.0202
0.9742 8.02017
0.9742 8.02015
0.97419 8.02012
0.97419 8.0201
0.97419 8.02007
0.97418 8.02005
0.97418 8.02002
0.97417 8.01999
0.97417 8.01996
0.97417 8.01994
0.97416 8.01991
0.97416 8.01988
0.97415 8.01986
0.97415 8.01983
0.97414 8.0198
0.97414 8.01977
0.97414 8.01974
0.97413 8.01971
0.97413 8.01968
0.97412 8.01965
0.97412 8.01962
0.97411 8.01959
0.97411 8.01956
0.97411 8.01953
0.9741 8.0195
0.9741 8.01947
0.97409 8.01944
0.97409 8.01941
0.97408 8.01938
0.97408 8.01934
0.97408 8.01932
0.97407 8.01928
0.97407 8.01925
0.97406 8.01921
0.97406 8.01918
0.97405 8.01915
0.97405 8.01912
0.97404 8.01909
0.97404 8.01905
0.97404 8.01902
0.97403 8.01899
0.97403 8.01895
0.97402 8.01892
0.97402 8.01888
0.97401 8.01885
0.97401 8.01882
0.974 8.01878
0.974 8.01875
0.974 8.01871
0.97399 8.01868
0.97399 8.01865
0.97398 8.01861
0.97398 8.01857
0.97397 8.01855
0.97397 8.01851
0.97396 8.01847
0.97396 8.01844
0.97395 8.0184
0.97395 8.01831
0.97395 8.01823
0.97394 8.01816
0.97394 8.01808
0.97393 8.018
0.97393 8.01793
0.97392 8.01786
0.97392 8.01779
0.97391 8.01773
0.97391 8.01767
0.9739 8.0176
0.9739 8.01754
0.9739 8.01748
0.97389 8.01741
0.97389 8.01735
0.97388 8.01729
0.97388 8.01723
0.97387 8.01717
0.97387 8.01712
0.97387 8.01706
0.97386 8.01701
0.97386 8.01695
0.97385 8.01689
0.97385 8.01684
0.97384 8.01679
0.97384 8.01673
0.97384 8.01668
0.97383 8.01663
0.97383 8.01657
0.97382 8.01652
0.97382 8.01647
0.97381 8.01642
0.97381 8.01636
0.97381 8.01631
0.9738 8.01627
0.9738 8.01621
0.97379 8.01617
0.97379 8.01612
0.97379 8.01607
0.97378 8.01602
0.97378 8.01598
0.97377 8.01594
0.97377 8.01588
0.97377 8.01584
0.97376 8.01579
0.97376 8.01575
0.97376 8.0157
0.97375 8.01566
0.97375 8.01561
0.97374 8.01557
0.97374 8.01552
0.97374 8.01549
0.97373 8.01545
0.97373 8.0154
0.97373 8.01536
0.97372 8.01532
0.97372 8.01528
0.97372 8.01524
0.97371 8.0152
0.97371 8.01516
0.97371 8.01512
0.9737 8.01508
0.9737 8.01504
0.9737 8.01501
0.97369 8.01497
0.97369 8.01493
0.97368 8.0149
0.97368 8.01486
0.97368 8.01483
0.97368 8.01479
0.97367 8.01476
0.97367 8.01472
0.97367 8.01469
0.97366 8.01465
0.97366 8.01462
0.97366 8.01459
0.97365 8.01456
0.97365 8.01453
0.97365 8.0145
0.97364 8.01448
0.97364 8.01444
0.97364 8.01441
0.97363 8.01439
0.97363 8.01436
0.97363 8.01433
0.97363 8.0143
0.97362 8.01427
0.97362 8.01425
0.97362 8.01422
0.97361 8.0142
0.97361 8.01417
0.97361 8.01415
0.9736 8.01412
0.9736 8.0141
0.9736 8.01408
0.9736 8.01405
0.97359 8.01403
0.97359 8.014
0.97358 8.01398
0.97358 8.01396
0.97358 8.01394
0.97357 8.01392
0.97357 8.0139
0.97356 8.01388
0.97355 8.01385
0.97355 8.01383
0.97354 8.01381
0.97353 8.01378
0.97352 8.01375
0.97351 8.01372
0.97349 8.01369
0.97348 8.01365
0.97347 8.01361
0.97345 8.01356
0.97343 8.01352
0.97341 8.01346
0.97339 8.01341
0.97336 8.01334
0.97333 8.01327
0.9733 8.0132
0.97327 8.01311
0.97323 8.01302
0.97319 8.01294
0.97315 8.01284
0.97311 8.01274
0.97307 8.01263
0.97302 8.01252
0.97298 8.0124
0.97293 8.01229
0.97288 8.01217
0.97283 8.01205
0.97278 8.01192
0.97273 8.01179
0.97268 8.01164
0.97261 8.01141
0.97254 8.01105
0.97247 8.01064
0.9724 8.01023
0.97233 8.00986
0.97226 8.00955
0.9722 8.00932
0.97213 8.00908
0.97207 8.00885
0.972 8.00862
0.97193 8.00838
0.97186 8.00814
0.9718 8.00789
0.97173 8.00764
0.97166 8.00738
0.97158 8.00713
0.97151 8.00686
0.97144 8.00659
0.97136 8.00632
0.97128 8.00604
0.97121 8.00576
0.97113 8.00548
0.97105 8.0052
0.97096 8.00489
0.97088 8.00461
0.97079 8.00432
0.97071 8.00402
0.97062 8.00372
0.97053 8.00343
0.97044 8.00311
0.97034 8.00282
0.97025 8.00251
0.97015 8.0022
0.97005 8.0019
0.96995 8.00159
0.96985 8.00129
0.96975 8.00099
0.96964 8.00067
0.96953 8.00037
0.96942 8.00007
0.96931 7.99976
0.9692 7.99944
0.96908 7.99915
0.96896 7.99884
0.96884 7.99853
0.96872 7.99823
0.96859 7.99792
0.96846 7.99761
0.96833 7.9973
0.9682 7.997
0.96806 7.9967
0.96792 7.99639
0.96777 7.99607
0.96763 7.99577
0.96748 7.99546
0.96732 7.99514
0.96717 7.99483
0.967 7.99455
0.96684 7.99423
0.96667 7.99394
0.9665 7.99363
0.96632 7.99331
0.96614 7.99301
0.96595 7.99271
0.96576 7.99241
0.96557 7.99209
0.96537 7.99179
0.96516 7.99148
0.96495 7.99119
0.96473 7.99077
0.96451 7.99036
0.96429 7.98992
0.96406 7.98947
0.96383 7.98904
0.96359 7.98859
0.96334 7.98814
0.9631 7.98766
0.96284 7.98723
0.96258 7.98672
0.96231 7.98625
0.96204 7.98575
0.96175 7.98532
0.96147 7.98478
0.96118 7.98428
0.96084 7.98375
0.96048 7.98314
0.96009 7.9826
0.9597 7.98199
0.95931 7.98133
0.95891 7.98073
0.95852 7.97998
0.95811 7.97931
0.9577 7.97863
0.95728 7.97796
0.95686 7.97722
0.95646 7.97651
0.95604 7.97595
0.95564 7.97517
0.95521 7.97451
0.95478 7.97383
0.95435 7.9731
0.95391 7.97236
0.95346 7.97171
0.95301 7.97095
0.95254 7.97024
0.95207 7.96953
0.95161 7.9687
0.95113 7.96794
0.95067 7.96706
0.95018 7.96626
0.94971 7.96537
0.9492 7.96462
0.9487 7.96376
0.94821 7.96286
0.94771 7.96198
0.94719 7.96127
0.94666 7.96036
0.94616 7.9594
0.94561 7.95866
0.94507 7.95771
0.94455 7.95678
0.944 7.95593
0.94345 7.95507
0.94289 7.95423
0.94233 7.95329
0.94177 7.95232
0.9412 7.95142
0.94064 7.95055
0.94006 7.94965
0.93947 7.94871
0.93892 7.94778
0.93831 7.94698
0.93772 7.94595
0.93713 7.94504
0.93654 7.94406
0.93593 7.94317
0.93533 7.94219
0.93471 7.94127
0.93411 7.94027
0.93351 7.93939
0.93288 7.93843
0.93227 7.93745
0.93164 7.93656
0.93102 7.9356
0.9304 7.93472
0.92978 7.93366
0.92914 7.93262
0.92846 7.93175
0.92781 7.93069
0.92716 7.92964
0.92649 7.92865
0.92584 7.92746
0.92517 7.92644
0.92453 7.92523
0.92385 7.9243
0.92319 7.92316
0.92255 7.92203
0.92182 7.92136
0.92106 7.92065
0.9203 7.91988
0.91952 7.91915
0.91874 7.91843
0.91799 7.91771
0.91727 7.91677
0.91659 7.9158
0.91587 7.91509
0.91518 7.91403
0.91449 7.91322
0.9138 7.91236
0.91313 7.91155
0.91243 7.91079
0.91177 7.90986
0.91107 7.90927
0.91038 7.90841
0.90972 7.90756
0.90903 7.90692
0.90836 7.90615
0.90767 7.90558
0.90699 7.90501
0.9063 7.90448
0.90561 7.90393
0.90492 7.9035
0.90421 7.90302
0.90351 7.90271
0.90278 7.90232
0.90203 7.90202
0.90114 7.90192
0.90011 7.90223
0.89903 7.9028
0.89793 7.9034
0.89685 7.90394
0.89576 7.90443
0.89467 7.90479
0.89362 7.90511
0.89258 7.90513
0.89155 7.90501
0.89051 7.90484
0.88939 7.90486
0.88825 7.90507
0.8871 7.90537
0.88596 7.90558
0.88481 7.90566
0.88367 7.90571
0.88254 7.90559
0.8814 7.90541
0.88027 7.90519
0.87914 7.90492
0.87801 7.90465
0.87685 7.90463
0.87568 7.90464
0.87453 7.9046
0.87338 7.90452
0.87222 7.90435
0.87109 7.90415
0.86997 7.90392
0.86887 7.90359
0.86778 7.90322
0.86669 7.90291
0.86562 7.90254
0.86456 7.90225
0.86352 7.90194
0.86248 7.90168
0.86148 7.90151
0.86046 7.90122
0.85946 7.90105
0.85849 7.90087
0.85751 7.90071
0.85655 7.90061
0.85561 7.9006
0.85467 7.90055
0.85374 7.90058
0.85282 7.90061
0.85192 7.90065
0.85101 7.90076
0.85014 7.9007
0.84924 7.90065
0.84838 7.90052
0.8475 7.90034
0.84664 7.90016
0.84578 7.89997
0.84493 7.89974
0.84408 7.89958
0.84323 7.89931
0.84239 7.89911
0.84156 7.899
0.84072 7.8989
0.8399 7.89885
0.83908 7.8988
0.83827 7.89885
0.83747 7.89907
0.83667 7.89916
0.83588 7.89925
0.83512 7.89935
0.83436 7.89937
0.8336 7.89942
0.83287 7.89932
0.83211 7.89923
0.8314 7.89899
0.8307 7.89887
0.83002 7.89877
0.82934 7.89857
0.82867 7.89834
0.82801 7.89808
0.82736 7.8978
0.82672 7.89739
0.82609 7.89717
0.82547 7.8968
0.82486 7.89647
0.82426 7.89619
0.82367 7.8959
0.82308 7.89557
0.82251 7.89525
0.82194 7.8949
0.82139 7.89446
0.82084 7.8941
0.8203 7.89368
0.81977 7.89337
0.81924 7.89306
0.81874 7.89267
0.81824 7.89225
0.81774 7.89177
0.81726 7.89135
0.81679 7.89065
0.81633 7.89012
0.81587 7.88956
0.81544 7.88906
0.815 7.88843
0.81458 7.88792
0.81416 7.88734
0.81375 7.88677
0.81334 7.88619
0.81295 7.88561
0.81257 7.88501
0.8122 7.88443
0.81182 7.88395
0.81146 7.88336
0.8111 7.88283
0.81075 7.88236
0.8104 7.88184
0.81006 7.88142
0.80973 7.88098
0.8094 7.88047
0.80908 7.8801
0.80876 7.87974
0.80846 7.87934
0.80815 7.87905
0.80786 7.87873
0.80757 7.87847
0.80728 7.8782
0.80699 7.87797
0.80671 7.87782
0.80643 7.87766
0.80617 7.8775
0.80591 7.87741
0.80565 7.87726
0.80539 7.8772
0.80514 7.87714
0.8049 7.87712
0.80466 7.87709
0.80443 7.87701
0.8042 7.87696
0.80397 7.87693
0.80374 7.87695
0.80352 7.87697
0.8033 7.87698
0.80309 7.87697
0.80288 7.87691
0.80268 7.87695
0.80247 7.87692
0.80226 7.87698
0.80207 7.87696
0.80187 7.87696
0.80168 7.87691
0.80149 7.87691
0.8013 7.87693
0.80112 7.87683
0.80093 7.87687
0.80076 7.87683
0.80057 7.87684
0.8004 7.87687
0.80022 7.87682
0.80005 7.87675
0.79989 7.87666
0.79972 7.87665
0.79956 7.87654
0.79939 7.87652
0.79924 7.87643
0.79908 7.87637
0.79892 7.87625
0.79876 7.87619
0.79861 7.87602
0.79846 7.87599
0.79831 7.87584
0.79816 7.87579
0.79802 7.87564
0.79787 7.8755
0.79772 7.87541
0.79758 7.8753
0.79744 7.87514
0.7973 7.87504
0.79716 7.87493
0.79702 7.87472
0.79688 7.87462
0.79675 7.87445
0.79661 7.8744
0.79648 7.87429
0.79634 7.87404
0.79622 7.87391
0.79609 7.87378
0.79596 7.87354
0.79583 7.87344
0.7957 7.87329
0.79557 7.8731
0.79545 7.87294
0.79531 7.87279
0.79519 7.87262
0.79507 7.87248
0.79495 7.87227
0.79483 7.87213
0.79471 7.87185
0.79458 7.87164
0.79446 7.8715
0.79434 7.87129
0.79422 7.87107
0.7941 7.87089
0.79399 7.87072
0.79386 7.8705
0.79374 7.87033
0.79362 7.87011
0.79351 7.86988
0.79339 7.86973
0.79328 7.86946
0.79316 7.86926
0.79304 7.86909
0.79293 7.86883
0.79282 7.86859
0.7927 7.86829
0.79259 7.86819
0.79248 7.86793
0.79237 7.86764
0.79226 7.86746
0.79216 7.86718
0.79205 7.86689
0.79194 7.86667
0.79183 7.86634
0.79173 7.8661
0.79162 7.86588
0.79151 7.86561
0.79141 7.86544
0.79131 7.86511
0.79121 7.8649
0.7911 7.86463
0.791 7.86437
0.79089 7.86406
0.79079 7.86377
0.79069 7.86355
0.79059 7.86328
0.79049 7.86298
0.79038 7.86268
0.79029 7.86235
0.79019 7.86206
0.79009 7.86179
0.78999 7.86151
0.78989 7.86118
0.78979 7.86088
0.7897 7.86056
0.7896 7.86022
0.7895 7.85989
0.78941 7.85961
0.78931 7.85921
0.78922 7.85896
0.78912 7.85855
0.78902 7.85834
0.78893 7.85798
0.78884 7.85755
0.78874 7.85722
0.78865 7.85684
0.78856 7.85645
0.78847 7.85609
0.78838 7.85571
0.78828 7.85536
0.7882 7.85497
0.7881 7.85457
0.78801 7.8542
0.78792 7.8538
0.78783 7.8534
0.78774 7.85302
0.78765 7.85264
0.78756 7.85215
0.78747 7.85183
0.78738 7.85132
0.78729 7.85093
0.7872 7.85047
0.78711 7.85005
0.78702 7.84964
0.78693 7.84922
0.78685 7.84875
0.78676 7.84831
0.78667 7.8479
0.78659 7.84734
0.78649 7.84692
0.78641 7.84644
0.78632 7.84597
0.78623 7.84552
0.78614 7.84505
0.78606 7.84456
0.78596 7.84407
0.78588 7.84363
0.78579 7.84312
0.7857 7.84264
0.78561 7.84214
0.78553 7.84163
0.78544 7.84108
0.78535 7.84056
0.78527 7.84003
0.78518 7.83954
0.7851 7.83899
0.78501 7.83843
0.78492 7.8379
0.78484 7.83734
0.78475 7.83686
0.78465 7.83631
0.78456 7.83576
0.78448 7.83518
0.78439 7.83471
0.7843 7.83418
0.78422 7.83359
0.78412 7.83302
0.78404 7.83243
0.78395 7.83186
0.78386 7.83123
0.78378 7.83073
0.78369 7.83014
0.78359 7.82951
0.7835 7.82894
0.78342 7.82832
0.78333 7.82771
0.78325 7.82711
0.78316 7.82646
0.78307 7.82585
0.78298 7.82519
0.78289 7.82461
0.7828 7.82393
0.78271 7.82332
0.78262 7.82264
0.78253 7.82199
0.78243 7.82136
0.78233 7.8207
0.78224 7.82001
0.78214 7.81932
0.78204 7.81858
0.78194 7.81793
0.78184 7.81718
0.78174 7.81648
0.78164 7.81569
0.78153 7.81493
0.78142 7.81411
0.78131 7.81335
0.7812 7.81246
0.78108 7.81166
0.78098 7.81075
0.78087 7.80991
0.78076 7.80904
0.78066 7.80812
0.78056 7.80725
0.78046 7.80624
0.78035 7.80536
0.78025 7.80442
0.78015 7.80354
0.78006 7.80262
0.77996 7.80177
0.77987 7.80091
0.77978 7.80005
0.77969 7.79916
0.7796 7.79827
0.7795 7.79744
0.77941 7.79657
0.77932 7.79569
0.77923 7.79483
0.77914 7.79401
0.77905 7.79315
0.77896 7.7923
0.77888 7.79146
0.77879 7.79056
0.7787 7.78976
0.77861 7.78891
0.77852 7.78805
0.77844 7.7872
0.77836 7.78633
0.77827 7.78548
0.77818 7.78464
0.7781 7.78375
0.77801 7.78284
0.77793 7.78199
0.77784 7.7811
0.77776 7.78023
0.77767 7.77931
0.77759 7.77836
0.7775 7.77756
0.77742 7.77655
0.77733 7.77564
0.77724 7.77472
0.77715 7.77395
0.77707 7.7729
0.77698 7.77196
0.7769 7.77106
0.77682 7.77012
0.77673 7.76909
0.77665 7.76822
0.77657 7.76722
0.77648 7.76621
0.77639 7.76532
0.77631 7.76434
0.77623 7.7633
0.77614 7.76227
0.77605 7.7613
0.77597 7.76027
0.77588 7.75927
0.7758 7.75825
0.77572 7.7572
0.77563 7.75622
0.77555 7.7551
0.77547 7.75411
0.77538 7.75302
0.7753 7.75205
0.77521 7.75098
0.77513 7.74985
0.77504 7.74875
0.77496 7.74774
0.77487 7.74667
0.77478 7.74551
0.7747 7.74444
0.77462 7.74337
0.77453 7.74217
0.77444 7.74109
0.77436 7.74
0.77428 7.73885
0.77419 7.73773
0.77411 7.73661
0.77402 7.73541
0.77394 7.73424
0.77385 7.7331
0.77377 7.73194
0.77368 7.73074
0.7736 7.72954
0.77351 7.72832
0.77343 7.72716
0.77335 7.72593
0.77326 7.72466
0.77318 7.72348
0.77309 7.72224
0.77301 7.72103
0.77293 7.71974
0.77284 7.71852
0.77276 7.71722
0.77267 7.71599
0.77259 7.7147
0.77251 7.71337
0.77242 7.71212
0.77233 7.71087
0.77225 7.70959
0.77217 7.70829
0.77208 7.70697
0.772 7.70568
0.77192 7.70437
0.77184 7.70299
0.77175 7.7017
0.77167 7.7004
0.77159 7.69902
0.77151 7.69766
0.77142 7.69635
0.77134 7.69507
0.77125 7.69365
0.77118 7.69232
0.77109 7.69098
0.77101 7.68962
0.77093 7.68831
0.77085 7.68698
0.77077 7.68558
0.77069 7.68418
0.77061 7.68283
0.77052 7.68142
0.77043 7.68005
0.77035 7.67868
0.77027 7.67724
0.77018 7.67584
0.77011 7.67442
0.77002 7.673
0.76994 7.67162
0.76986 7.67022
0.76978 7.66877
0.76969 7.66741
0.76961 7.66597
0.76953 7.66448
0.76945 7.66307
0.76936 7.6616
0.76929 7.66022
0.7692 7.6588
0.76911 7.65735
0.76903 7.65587
0.76894 7.65441
0.76886 7.65297
0.76878 7.65147
0.76869 7.64999
0.76861 7.64853
0.76852 7.64711
0.76845 7.64559
0.76836 7.64411
0.76827 7.64258
0.76819 7.64108
0.76811 7.63958
0.76803 7.63813
0.76794 7.63662
0.76786 7.63508
0.76777 7.63359
0.76769 7.63208
0.76761 7.63058
0.76752 7.62906
0.76744 7.62749
0.76735 7.62601
0.76727 7.62449
0.76719 7.62294
0.76711 7.62141
0.76702 7.61987
0.76694 7.61831
0.76686 7.61678
0.76678 7.61522
0.7667 7.61365
0.76662 7.61214
0.76654 7.61059
0.76646 7.60907
0.76637 7.60751
0.76629 7.6059
0.76621 7.60432
0.76612 7.60273
0.76604 7.60118
0.76596 7.59961
0.76588 7.59802
0.76579 7.59641
0.76571 7.59489
0.76563 7.59326
0.76554 7.59164
0.76547 7.59004
0.76538 7.58844
0.7653 7.58686
0.76521 7.58525
0.76513 7.58363
0.76505 7.58203
0.76497 7.58041
0.76489 7.57878
0.7648 7.57716
0.76473 7.57553
0.76465 7.57396
0.76456 7.57227
0.76448 7.57065
0.7644 7.56904
0.76432 7.56744
0.76423 7.56579
0.76414 7.56412
0.76406 7.56245
0.76398 7.56084
0.7639 7.5592
0.76382 7.55757
0.76374 7.55596
0.76366 7.55429
0.76358 7.55262
0.7635 7.55095
0.76342 7.54932
0.76334 7.54763
0.76326 7.54599
0.76318 7.5444
0.7631 7.54275
0.76302 7.5411
0.76294 7.53946
0.76287 7.53785
0.76278 7.53619
0.7627 7.53446
0.76262 7.53284
0.76254 7.53123
0.76246 7.5295
0.76239 7.52786
0.7623 7.52619
0.76222 7.52452
0.76214 7.52282
0.76206 7.52117
0.76198 7.51947
0.7619 7.51787
0.76182 7.51616
0.76174 7.51453
0.76166 7.51283
0.76159 7.5112
0.76151 7.5095
0.76143 7.50786
0.76135 7.50617
0.76128 7.50445
0.7612 7.50279
0.76111 7.50108
0.76103 7.49944
0.76095 7.49767
0.76087 7.49599
0.7608 7.49431
0.76072 7.49265
0.76064 7.49098
0.76055 7.48921
0.76048 7.48748
0.7604 7.48583
0.76033 7.48412
0.76025 7.48241
0.76017 7.4807
0.76009 7.47896
0.76002 7.47719
0.75994 7.47549
0.75986 7.47376
0.7598 7.47216
0.75972 7.47046
0.75965 7.46882
0.75957 7.467
0.75949 7.46525
0.75941 7.46354
0.75934 7.46187
0.75926 7.46014
0.75919 7.45842
0.75911 7.45668
0.75903 7.45497
0.75896 7.45331
0.75888 7.45159
0.75881 7.44996
0.75874 7.4482
0.75866 7.4465
0.7586 7.44487
0.75853 7.44319
0.75845 7.4414
0.75838 7.43974
0.75831 7.43806
0.75822 7.43638
0.75814 7.4346
0.75806 7.43278
0.75799 7.43103
0.75792 7.42935
0.75785 7.42759
0.75777 7.42582
0.7577 7.42409
0.75762 7.42236
0.75755 7.42066
0.75749 7.41897
0.75741 7.41727
0.75734 7.41559
0.75727 7.41397
0.7572 7.41223
0.75713 7.41038
0.75705 7.40864
0.75698 7.4069
0.75692 7.40525
0.75684 7.40353
0.75677 7.40176
0.75669 7.40006
0.75662 7.39835
0.75656 7.39671
0.75649 7.39499
0.75641 7.39326
0.7563 7.39151
0.75623 7.3898
0.75614 7.38797
0.75607 7.38624
0.756 7.38451
0.75592 7.38279
0.75585 7.38101
0.75578 7.37927
0.7557 7.37754
0.75563 7.3758
0.75556 7.37403
0.75549 7.37229
0.75541 7.37056
0.75533 7.36871
0.75526 7.36694
0.75518 7.36519
0.75511 7.36337
0.75504 7.36159
0.75496 7.35985
0.75489 7.35812
0.75482 7.35637
0.75474 7.35456
0.75467 7.35265
0.75459 7.35091
0.75452 7.34911
0.75445 7.34736
0.75438 7.34553
0.75431 7.34383
0.75425 7.34211
0.75418 7.34038
0.7541 7.33861
0.75403 7.33694
0.75396 7.33507
0.75387 7.33304
0.75379 7.33118
0.75372 7.32927
0.75365 7.32751
0.75357 7.32578
0.75351 7.32408
0.75343 7.32223
0.75337 7.3204
0.75329 7.31868
0.75322 7.31677
0.75314 7.31489
0.75307 7.31309
0.753 7.31133
0.75293 7.30946
0.75285 7.30766
0.75278 7.30588
0.75271 7.30402
0.75264 7.3023
0.75257 7.30038
0.7525 7.2986
0.75243 7.2967
0.75235 7.29482
0.75227 7.29299
0.75221 7.29122
0.75214 7.28937
0.75206 7.28755
0.752 7.28575
0.75193 7.28397
0.75186 7.28223
0.75179 7.2804
0.75172 7.27857
0.75166 7.2767
0.75159 7.27509
0.75153 7.27328
0.75145 7.27147
0.75139 7.26966
0.75132 7.26784
0.75125 7.26617
0.75118 7.26435
0.75111 7.26253
0.75104 7.26065
0.75097 7.25889
0.7509 7.25707
0.75083 7.25516
0.75076 7.25336
0.7507 7.25145
0.75063 7.24978
0.75057 7.24804
0.7505 7.24623
0.75043 7.24438
0.75036 7.24251
0.75029 7.24074
0.75023 7.23899
0.75016 7.23718
0.7501 7.2354
0.75003 7.23378
0.74997 7.23198
0.7499 7.23015
0.74984 7.22847
0.74978 7.22678
0.74972 7.22506
0.74965 7.22318
0.74958 7.22137
0.74951 7.21957
0.74945 7.21787
0.74938 7.21602
0.74931 7.21425
0.74925 7.21241
0.74918 7.21073
0.74912 7.20898
0.74906 7.20724
0.749 7.2055
0.74894 7.20387
0.74888 7.20219
0.74881 7.20046
0.74875 7.19871
0.74869 7.19702
0.74862 7.19528
0.74856 7.19341
0.7485 7.1917
0.74843 7.18993
0.74837 7.18831
0.74831 7.18651
0.74825 7.18474
0.74819 7.18305
0.74812 7.1813
0.74806 7.17959
0.748 7.17788
0.74794 7.17617
0.74788 7.17456
0.74781 7.17281
0.74775 7.17099
0.74769 7.16919
0.74762 7.16747
0.74756 7.16572
0.7475 7.16394
0.74744 7.16227
0.74738 7.16061
0.74732 7.15893
0.74726 7.15723
0.7472 7.15555
0.74714 7.15395
0.74708 7.1522
0.74703 7.15054
0.74697 7.14896
0.7469 7.14715
0.74684 7.14533
0.74678 7.14364
0.74672 7.14196
0.74666 7.14029
0.7466 7.13861
0.74654 7.13685
0.74649 7.13516
0.74643 7.13347
0.74637 7.13172
0.74631 7.13007
0.74625 7.1285
0.74619 7.12684
0.74614 7.12519
0.74608 7.12347
0.74602 7.12192
0.74596 7.12023
0.7459 7.11853
0.74584 7.11683
0.74579 7.11522
0.74574 7.11359
0.74568 7.1119
0.74562 7.11042
0.74557 7.10879
0.74551 7.10722
0.74545 7.10542
0.7454 7.10366
0.74534 7.10198
0.74529 7.10036
0.74523 7.09871
0.74517 7.09706
0.74512 7.09541
0.74506 7.09375
0.745 7.09214
0.74495 7.09059
0.7449 7.08911
0.74485 7.08744
0.74479 7.08591
0.74474 7.08427
0.74469 7.08278
0.74464 7.08117
0.74458 7.07955
0.74452 7.07787
0.74446 7.07621
0.74441 7.07456
0.74436 7.07303
0.74431 7.07149
0.74426 7.06993
0.7442 7.06821
0.74415 7.06651
0.74409 7.06502
0.74404 7.06343
0.74398 7.0619
0.74393 7.06029
0.74388 7.05871
0.74383 7.05715
0.74378 7.05542
0.74372 7.05376
0.74367 7.05229
0.74362 7.0508
0.74357 7.04927
0.74352 7.04772
0.74346 7.04612
0.74341 7.04457
0.74336 7.04302
0.74332 7.04148
0.74326 7.03996
0.74322 7.03841
0.74317 7.03687
0.74312 7.03537
0.74307 7.03393
0.74302 7.03236
0.74297 7.03084
0.74292 7.02934
0.74287 7.02781
0.74282 7.02629
0.74277 7.02475
0.74272 7.02321
0.74266 7.0216
0.74262 7.02012
0.74257 7.01856
0.74252 7.01714
0.74247 7.0156
0.74243 7.01417
0.74238 7.01262
0.74233 7.01122
0.74228 7.00977
0.74223 7.00817
0.74218 7.00668
0.74214 7.00519
0.74209 7.00376
0.74204 7.00241
0.74199 7.00081
0.74194 6.9993
0.7419 6.99786
0.74185 6.99639
0.7418 6.9949
0.74176 6.99347
0.74171 6.99198
0.74166 6.9905
0.74162 6.98915
0.74157 6.98766
0.74153 6.98623
0.74149 6.9847
0.74144 6.98316
0.7414 6.98157
0.74135 6.98042
0.74131 6.97901
0.74126 6.97759
0.74122 6.97602
0.74118 6.97459
0.74113 6.97324
0.74108 6.97185
0.74104 6.97041
0.74099 6.96892
0.74095 6.96759
0.7409 6.96612
0.74086 6.96467
0.74082 6.96331
0.74077 6.96198
0.74073 6.96059
0.74069 6.95919
0.74064 6.95769
0.7406 6.95622
0.74056 6.95493
0.74052 6.9535
0.74048 6.9522
0.74043 6.95079
0.74039 6.94943
0.74035 6.94813
0.74031 6.94673
0.74027 6.94521
0.74023 6.94375
0.74018 6.9422
0.74014 6.94075
0.7401 6.93945
0.74005 6.93826
0.74001 6.93693
0.73997 6.93556
0.73994 6.93426
0.73989 6.93282
0.73985 6.93133
0.73981 6.93006
0.73977 6.92882
0.73973 6.92728
0.73969 6.92583
0.73965 6.92477
0.73961 6.92329
0.73957 6.92186
0.73953 6.92051
0.73949 6.91922
0.73945 6.91807
0.73941 6.91685
0.73937 6.91543
0.73933 6.91412
0.73929 6.91266
0.73925 6.91153
0.73922 6.9102
0.73918 6.90898
0.73914 6.9077
0.73911 6.90652
0.73907 6.90528
0.73903 6.90398
0.73899 6.90263
0.73895 6.90107
0.73891 6.89982
0.73887 6.89847
0.73883 6.89731
0.7388 6.89595
0.73876 6.89487
0.73872 6.89376
0.73868 6.89249
0.73865 6.89125
0.73861 6.88997
0.73858 6.88865
0.73855 6.88736
0.73851 6.88605
0.73847 6.88468
0.73843 6.88336
0.73839 6.88222
0.73836 6.88102
0.73832 6.87978
0.73829 6.8787
0.73826 6.87742
0.73822 6.87608
0.73819 6.87491
0.73815 6.8737
0.73812 6.87257
0.73809 6.87125
0.73806 6.86996
0.73802 6.8687
0.73798 6.86747
0.73795 6.86634
0.73791 6.86515
0.73788 6.86411
0.73785 6.86291
0.73781 6.86172
0.73778 6.86047
0.73775 6.85929
0.73771 6.85803
0.73768 6.85694
0.73765 6.85588
0.73761 6.85455
0.73759 6.85331
0.73755 6.85212
0.73752 6.85119
0.73749 6.85017
0.73746 6.84893
0.73743 6.84776
0.73739 6.84673
0.73737 6.84567
0.73734 6.84472
0.7373 6.84371
0.73728 6.84252
0.73724 6.84135
0.73721 6.8402
0.73717 6.83873
0.73714 6.83761
0.73711 6.83659
0.73708 6.83559
0.73706 6.83474
0.73703 6.83351
0.73699 6.83254
0.73697 6.83139
0.73693 6.83045
0.7369 6.82941
0.73687 6.82837
0.73684 6.82719
0.7368 6.82603
0.73677 6.82483
0.73674 6.8237
0.73671 6.82254
0.73668 6.82156
0.73665 6.82054
0.73662 6.81952
0.73659 6.81843
0.73657 6.81735
0.73654 6.81632
0.73651 6.81541
0.73648 6.81441
0.73645 6.81335
0.73642 6.81226
0.73639 6.81111
0.73636 6.80983
0.73633 6.80873
0.7363 6.80792
0.73627 6.80702
0.73624 6.80574
0.73621 6.80484
0.73618 6.80372
0.73616 6.80285
0.73613 6.80194
0.7361 6.80089
0.73608 6.79988
0.73605 6.79871
0.73602 6.79783
0.73599 6.797
0.73596 6.79604
0.73594 6.79516
0.73591 6.79422
0.73588 6.79319
0.73586 6.79227
0.73583 6.79122
0.7358 6.79033
0.73578 6.78927
0.73575 6.78825
0.73572 6.78713
0.7357 6.78608
0.73567 6.78516
0.73565 6.78398
0.73562 6.78301
0.7356 6.78181
0.73558 6.7808
0.73554 6.77995
0.73552 6.77921
0.73549 6.77817
0.73547 6.77724
0.73545 6.77619
0.73542 6.7752
0.7354 6.77429
0.73537 6.77322
0.73535 6.77225
0.73533 6.77126
0.7353 6.77026
0.73528 6.76951
0.73525 6.76853
0.73524 6.76763
0.73521 6.76671
0.73518 6.7658
0.73516 6.76483
0.73513 6.76391
0.7351 6.76301
0.73508 6.76229
0.73506 6.76141
0.73504 6.76048
0.73502 6.75961
0.735 6.75887
0.73497 6.75815
0.73495 6.75723
0.73492 6.7565
0.7349 6.75572
0.73488 6.7548
0.73485 6.75413
0.73483 6.75315
0.7348 6.75214
0.73478 6.75091
0.73476 6.75003
0.73474 6.74912
0.73471 6.74833
0.73469 6.74745
0.73467 6.74658
0.73464 6.7459
0.73462 6.74531
0.7346 6.74439
0.73458 6.74359
0.73456 6.74279
0.73454 6.7417
0.73452 6.74089
0.7345 6.74038
0.73448 6.73954
0.73445 6.73872
0.73443 6.73779
0.73441 6.73692
0.73439 6.73619
0.73437 6.73543
0.73435 6.73472
0.73433 6.73409
0.73431 6.73318
0.73428 6.7322
0.73426 6.73136
0.73424 6.7307
0.73422 6.72981
0.7342 6.72897
0.73418 6.72821
0.73416 6.72761
0.73414 6.72681
0.73412 6.72605
0.7341 6.7253
0.73408 6.72433
0.73406 6.72329
0.73404 6.7224
0.73402 6.72176
0.734 6.72101
0.73398 6.72028
0.73396 6.71969
0.73395 6.71903
0.73393 6.71834
0.7339 6.71748
0.73388 6.71652
0.73386 6.71573
0.73384 6.71492
0.73382 6.71408
0.7338 6.71328
0.73378 6.71264
0.73376 6.71182
0.73375 6.7111
0.73373 6.71038
0.73371 6.70969
0.73369 6.709
0.73367 6.70812
0.73366 6.70744
0.73364 6.7069
0.73362 6.70624
0.7336 6.70555
0.73359 6.70492
0.73356 6.70406
0.73355 6.70341
0.73353 6.70261
0.73351 6.70197
0.73349 6.70117
0.73347 6.70044
0.73345 6.69963
0.73343 6.69892
0.73342 6.69825
0.7334 6.69738
0.73338 6.69666
0.73336 6.69594
0.73334 6.69554
0.73332 6.69493
0.73331 6.69424
0.73329 6.69371
0.73328 6.69299
0.73326 6.69229
0.73324 6.69157
0.73323 6.69091
0.7332 6.69019
0.73318 6.68942
0.73316 6.6888
0.73315 6.68822
0.73313 6.68742
0.73311 6.68689
0.7331 6.68619
0.73308 6.68542
0.73307 6.68469
0.73305 6.68401
0.73303 6.6832
0.73302 6.68235
0.733 6.68185
0.73298 6.68115
0.73297 6.68049
0.73295 6.67995
0.73294 6.6795
0.73292 6.67882
0.7329 6.67822
0.73289 6.67747
0.73287 6.67679
0.73285 6.6761
0.73284 6.67553
0.73282 6.67497
0.7328 6.67419
0.73279 6.67364
0.73277 6.67298
0.73276 6.67225
0.73274 6.67161
0.73273 6.67112
0.73271 6.67037
0.7327 6.66973
0.73268 6.66906
0.73267 6.66857
0.73265 6.66786
0.73264 6.66719
0.73262 6.66638
0.7326 6.66571
0.73259 6.665
0.73258 6.66428
0.73256 6.66352
0.73255 6.66281
0.73253 6.66235
0.73252 6.66173
0.73251 6.66114
0.7325 6.66056
0.73248 6.66
0.73247 6.65943
0.73245 6.65889
0.73244 6.6583
0.73242 6.65775
0.73241 6.65726
0.73239 6.65667
0.73238 6.6563
0.73236 6.65583
0.73235 6.65534
0.73233 6.65467
0.73231 6.65397
0.7323 6.65325
0.73228 6.65267
0.73227 6.65221
0.73225 6.65174
0.73224 6.65106
0.73223 6.65054
0.73221 6.64994
0.73219 6.64922
0.73218 6.64862
0.73217 6.64801
0.73215 6.64752
0.73213 6.64696
0.73212 6.64632
0.73211 6.64597
0.73209 6.64531
0.73208 6.64483
0.73206 6.64416
0.73205 6.64347
0.73204 6.64279
0.73203 6.64221
0.73201 6.64174
0.732 6.64127
0.73199 6.64062
0.73197 6.64022
0.73196 6.63968
0.73194 6.639
0.73193 6.63852
0.73192 6.63801
0.7319 6.63741
0.73189 6.63687
0.73187 6.63629
0.73186 6.63572
0.73184 6.63506
0.73183 6.63447
0.73181 6.63369
0.7318 6.63308
0.73178 6.63259
0.73178 6.63199
0.73176 6.63141
0.73175 6.63097
0.73173 6.63044
0.73172 6.62996
0.7317 6.62924
0.73169 6.62892
0.73168 6.62842
0.73167 6.62786
0.73166 6.62729
0.73165 6.62668
0.73164 6.62633
0.73162 6.62574
0.73161 6.62516
0.73159 6.62469
0.73158 6.62435
0.73157 6.62383
0.73156 6.62354
0.73154 6.62317
0.73153 6.62292
0.73151 6.62241
0.7315 6.62214
0.73148 6.62172
0.73146 6.62107
0.73144 6.62048
0.73143 6.61989
0.73141 6.61941
0.7314 6.61879
0.73138 6.61822
0.73137 6.61782
0.73136 6.61736
0.73135 6.6167
0.73133 6.61614
0.73132 6.61571
0.7313 6.61514
0.73129 6.61458
0.73128 6.61425
0.73126 6.61362
0.73125 6.61303
0.73124 6.61273
0.73122 6.61226
0.73121 6.61177
0.73119 6.61113
0.73118 6.61066
0.73117 6.61015
0.73115 6.60958
0.73114 6.60914
0.73113 6.60884
0.7311 6.60815
0.73109 6.60763
0.73108 6.60714
0.73107 6.60671
0.73105 6.60627
0.73104 6.60577
0.73103 6.60516
0.73102 6.60465
0.73101 6.60411
0.73099 6.60353
0.73098 6.60311
0.73096 6.60261
0.73095 6.60216
0.73093 6.60156
0.73092 6.60112
0.73091 6.60063
0.73089 6.59994
0.73088 6.59942
0.73086 6.59896
0.73085 6.59843
0.73084 6.59792
0.73082 6.59741
0.73081 6.59687
0.7308 6.59645
0.73078 6.59604
0.73077 6.59569
0.73076 6.59511
0.73074 6.59477
0.73072 6.59439
0.73071 6.5941
0.73069 6.59374
0.73068 6.59324
0.73066 6.59281
0.73065 6.59235
0.73063 6.59181
0.73062 6.59135
0.7306 6.59068
0.73059 6.59037
0.73058 6.58963
0.73056 6.58943
0.73055 6.58895
0.73053 6.58845
0.73051 6.58807
0.7305 6.58753
0.73048 6.5869
0.73047 6.58637
0.73045 6.58586
0.73044 6.58543
0.73043 6.58505
0.73041 6.58452
0.73039 6.58407
0.73038 6.5836
0.73036 6.5831
0.73035 6.58256
0.73034 6.58203
0.73032 6.5816
0.73031 6.58128
0.73029 6.58074
0.73028 6.58027
0.73026 6.57973
0.73025 6.57932
0.73023 6.57867
0.73021 6.57843
0.7302 6.57791
0.73019 6.57748
0.73017 6.577
0.73015 6.57659
0.73014 6.57613
0.73012 6.57554
0.73011 6.57503
0.7301 6.57455
0.73008 6.57411
0.73007 6.57366
0.73005 6.57304
0.73004 6.57266
0.73003 6.57214
0.73 6.57176
0.72998 6.57138
0.72996 6.57078
0.72995 6.57031
0.72993 6.56979
0.72992 6.56928
0.72991 6.56855
0.72989 6.56794
0.72987 6.56751
0.72986 6.56701
0.72984 6.56655
0.72983 6.56618
0.72981 6.56571
0.7298 6.56518
0.72978 6.56461
0.72977 6.56428
0.72975 6.56382
0.72974 6.56333
0.72973 6.56298
0.72971 6.56249
0.72969 6.56204
0.72967 6.56166
0.72965 6.5612
0.72962 6.56073
0.72961 6.5602
0.7296 6.55972
0.72959 6.5593
0.72957 6.5588
0.72955 6.55842
0.72953 6.55809
0.72952 6.55766
0.72949 6.55716
0.72947 6.55663
0.72946 6.55628
0.72945 6.55592
0.72943 6.55554
0.72941 6.55518
0.7294 6.5549
0.72938 6.5546
0.72936 6.55421
0.72934 6.55375
0.72931 6.55322
0.72929 6.55288
0.72927 6.55234
0.72924 6.55166
0.72923 6.55103
0.72921 6.55066
0.72919 6.55036
0.72917 6.54995
0.72915 6.5493
0.72913 6.54882
0.72911 6.54836
0.72909 6.54786
0.72907 6.5474
0.72906 6.547
0.72904 6.54653
0.72902 6.54602
0.729 6.54542
0.72899 6.54511
0.72896 6.54475
0.72895 6.54431
0.72892 6.54376
0.7289 6.54327
0.72888 6.54264
0.72886 6.54219
0.72884 6.54171
0.72883 6.54122
0.72881 6.54069
0.72879 6.54027
0.72877 6.53993
0.72875 6.53961
0.72873 6.53916
0.72871 6.53848
0.72868 6.53799
0.72866 6.53744
0.72864 6.53693
0.72863 6.53657
0.72861 6.5361
0.72858 6.53564
0.72856 6.53506
0.72854 6.53453
0.72852 6.53399
0.7285 6.53363
0.72848 6.53308
0.72846 6.53258
0.72843 6.53196
0.72842 6.53162
0.7284 6.53127
0.72838 6.53075
0.72836 6.53025
0.72833 6.52971
0.72832 6.52917
0.72829 6.52864
0.72827 6.52817
0.72825 6.52767
0.72823 6.52712
0.72821 6.52672
0.72819 6.5263
0.72817 6.52582
0.72814 6.52526
0.72813 6.52465
0.7281 6.52419
0.72808 6.52374
0.72806 6.52315
0.72804 6.52264
0.72801 6.52197
0.72799 6.52147
0.72797 6.52105
0.72795 6.52053
0.72793 6.5201
0.72791 6.51975
0.72789 6.51934
0.72786 6.5189
0.72784 6.51839
0.72781 6.51778
0.72779 6.51724
0.72777 6.51679
0.72776 6.51628
0.72774 6.51589
0.72771 6.51537
0.72768 6.51478
0.72765 6.51424
0.72762 6.51356
0.7276 6.51303
0.72758 6.51237
0.72755 6.5117
0.72753 6.51121
0.72751 6.51065
0.72749 6.5101
0.72747 6.5095
0.72744 6.50896
0.72742 6.50851
0.7274 6.50801
0.72737 6.5075
0.72735 6.50684
0.72733 6.50627
0.72731 6.50584
0.72729 6.50521
0.72726 6.50471
0.72724 6.5041
0.72721 6.5035
0.72719 6.50313
0.72717 6.50265
0.72714 6.50232
0.72711 6.50186
0.72709 6.50151
0.72706 6.50113
0.72703 6.50059
0.72699 6.49992
0.72697 6.49922
0.72694 6.49866
0.72692 6.49803
0.72689 6.49743
0.72687 6.49682
0.72685 6.49633
0.72682 6.49591
0.7268 6.49542
0.72677 6.49485
0.72674 6.49434
