0.97445 8.01991
0.97445 8.01989
0.97445 8.01992
0.97444 8.01993
0.97444 8.01995
0.97444 8.01997
0.97444 8.01999
0.97444 8.02001
0.97443 8.02003
0.97443 8.02004
0.97443 8.02006
0.97443 8.02008
0.97442 8.02009
0.97442 8.02011
0.97442 8.02012
0.97442 8.02014
0.97442 8.02015
0.97441 8.02017
0.97441 8.02018
0.97441 8.0202
0.97441 8.02021
0.97441 8.02022
0.9744 8.02024
0.9744 8.02025
0.9744 8.02025
0.9744 8.02024
0.9744 8.02023
0.9744 8.02021
0.9744 8.0202
0.97439 8.02018
0.97439 8.02017
0.97439 8.02015
0.97439 8.02014
0.97439 8.02012
0.97439 8.02011
0.97439 8.02009
0.97439 8.02008
0.97438 8.02007
0.97438 8.02006
0.97438 8.02006
0.97438 8.02006
0.97438 8.02006
0.97438 8.02006
0.97438 8.02007
0.97437 8.02007
0.97437 8.02007
0.97437 8.02007
0.97437 8.02007
0.97437 8.02006
0.97437 8.02006
0.97437 8.02006
0.97437 8.02006
0.97436 8.02006
0.97436 8.02006
0.97436 8.02005
0.97436 8.02005
0.97436 8.02005
0.97436 8.02005
0.97435 8.02005
0.97435 8.02005
0.97435 8.02005
0.97435 8.02005
0.97435 8.02005
0.97435 8.02005
0.97434 8.02005
0.97434 8.02004
0.97434 8.02005
0.97434 8.02005
0.97434 8.02005
0.97433 8.02004
0.97433 8.02005
0.97433 8.02005
0.97433 8.02005
0.97433 8.02005
0.97432 8.02005
0.97432 8.02005
0.97432 8.02005
0.97432 8.02005
0.97431 8.02006
0.97431 8.02006
0.97431 8.02006
0.97431 8.02006
0.97431 8.02006
0.9743 8.02007
0.9743 8.02007
0.9743 8.02007
0.9743 8.02007
0.97429 8.02008
0.97429 8.02008
0.97429 8.02008
0.97428 8.02009
0.97428 8.02009
0.97428 8.0201
0.97428 8.0201
0.97427 8.0201
0.97427 8.02011
0.97427 8.02011
0.97426 8.02011
0.97426 8.02012
0.97426 8.02012
0.97426 8.02013
0.97425 8.02013
0.97425 8.02014
0.97425 8.02014
0.97424 8.02015
0.97424 8.02016
0.97424 8.02017
0.97423 8.02017
0.97423 8.02018
0.97423 8.02018
0.97422 8.02019
0.97422 8.02019
0.97422 8.0202
0.97421 8.02021
0.97421 8.02022
0.9742 8.02022
0.9742 8.02023
0.9742 8.02024
0.97419 8.02025
0.97419 8.02025
0.97419 8.02026
0.97418 8.02027
0.97418 8.02027
0.97417 8.02028
0.97417 8.02029
0.97417 8.0203
0.97416 8.02031
0.97416 8.02032
0.97415 8.02033
0.97415 8.02034
0.97415 8.02034
0.97414 8.02035
0.97414 8.02036
0.97413 8.02037
0.97413 8.02038
0.97413 8.02039
0.97412 8.0204
0.97412 8.02041
0.97411 8.02041
0.97411 8.02042
0.9741 8.02043
0.9741 8.02044
0.9741 8.02045
0.97409 8.02046
0.97409 8.02046
0.97408 8.02047
0.97408 8.02048
0.97407 8.02049
0.97407 8.0205
0.97406 8.02051
0.97406 8.02052
0.97405 8.02052
0.97405 8.02053
0.97405 8.02054
0.97404 8.02055
0.97404 8.02056
0.97403 8.02057
0.97403 8.02058
0.97402 8.02058
0.97402 8.02059
0.97401 8.0206
0.97401 8.02061
0.974 8.02061
0.974 8.02062
0.97399 8.02063
0.97399 8.02063
0.97398 8.02064
0.97398 8.02065
0.97397 8.02066
0.97397 8.02066
0.97397 8.02067
0.97396 8.02068
0.97396 8.02069
0.97395 8.02069
0.97395 8.0207
0.97394 8.0207
0.97394 8.02071
0.97393 8.02072
0.97393 8.02072
0.97392 8.02073
0.97392 8.02073
0.97391 8.02074
0.97391 8.02075
0.9739 8.02075
0.9739 8.02076
0.97389 8.02076
0.97389 8.02077
0.97388 8.02077
0.97388 8.02077
0.97387 8.02078
0.97387 8.02078
0.97387 8.02079
0.97386 8.02079
0.97386 8.02079
0.97385 8.0208
0.97385 8.02081
0.97384 8.0208
0.97384 8.02081
0.97383 8.02081
0.97383 8.02082
0.97382 8.02082
0.97382 8.02083
0.97381 8.02082
0.97381 8.02083
0.9738 8.02083
0.9738 8.02084
0.9738 8.02083
0.97379 8.02084
0.97379 8.02085
0.97378 8.02085
0.97378 8.02085
0.97377 8.02085
0.97377 8.02085
0.97376 8.02085
0.97376 8.02086
0.97376 8.02086
0.97375 8.02086
0.97375 8.02087
0.97374 8.02087
0.97374 8.02087
0.97373 8.02086
0.97373 8.02087
0.97373 8.02087
0.97372 8.02087
0.97372 8.02087
0.97371 8.02088
0.97371 8.02088
0.9737 8.02087
0.9737 8.02087
0.9737 8.02088
0.97369 8.02088
0.97369 8.02088
0.97369 8.02088
0.97368 8.02088
0.97368 8.02088
0.97367 8.02088
0.97367 8.02088
0.97366 8.02088
0.97366 8.02089
0.97366 8.02089
0.97365 8.02088
0.97365 8.02089
0.97365 8.02089
0.97364 8.02088
0.97364 8.02089
0.97364 8.02089
0.97363 8.0209
0.97363 8.02089
0.97363 8.02089
0.97362 8.02089
0.97362 8.02089
0.97361 8.02089
0.97361 8.02089
0.97361 8.0209
0.9736 8.02089
0.9736 8.0209
0.9736 8.02089
0.97359 8.02089
0.97359 8.02089
0.97359 8.02089
0.97358 8.02089
0.97358 8.0209
0.97358 8.02089
0.97357 8.02089
0.97357 8.02089
0.97357 8.0209
0.97357 8.02089
0.97356 8.0209
0.97356 8.02088
0.97356 8.02089
0.97355 8.02089
0.97355 8.02089
0.97355 8.02089
0.97355 8.02089
0.97354 8.02089
0.97354 8.02089
0.97354 8.02089
0.97353 8.02088
0.97353 8.02088
0.97353 8.02089
0.97353 8.02088
0.97352 8.02089
0.97352 8.02088
0.97352 8.02089
0.97352 8.02089
0.97351 8.02088
0.97351 8.02088
0.97351 8.02088
0.97351 8.02089
0.9735 8.02089
0.9735 8.02089
0.9735 8.02087
0.9735 8.02088
0.97349 8.02087
0.97349 8.02088
0.97349 8.02089
0.97349 8.02089
0.97348 8.02089
0.97348 8.02089
0.97348 8.02089
0.97348 8.02088
0.97347 8.02089
0.97347 8.02088
0.97347 8.02088
0.97347 8.02089
0.97347 8.02089
0.97346 8.02088
0.97346 8.02089
0.97346 8.02089
0.97346 8.02089
0.97346 8.02089
0.97345 8.02089
0.97345 8.02089
0.97345 8.02089
0.97345 8.0209
0.97345 8.0209
0.97344 8.02091
0.97344 8.02089
0.97344 8.0209
0.97344 8.0209
0.97344 8.0209
0.97344 8.0209
0.97343 8.0209
0.97343 8.0209
0.97343 8.02091
0.97343 8.0209
0.97343 8.0209
0.97342 8.02092
0.97342 8.02092
0.97342 8.02092
0.97342 8.02091
0.97342 8.02091
0.97342 8.02091
0.97341 8.02091
0.97341 8.02091
0.97341 8.02091
0.97341 8.02092
0.97341 8.02091
0.97341 8.02092
0.97341 8.02092
0.9734 8.02092
0.9734 8.02092
0.9734 8.02092
0.9734 8.02093
0.9734 8.02092
0.9734 8.02094
0.9734 8.02094
0.97339 8.02094
0.97339 8.02095
0.97339 8.02095
0.97339 8.02094
0.97339 8.02094
0.97339 8.02095
0.97339 8.02095
0.97339 8.02095
0.97338 8.02096
0.97338 8.02095
0.97338 8.02095
0.97338 8.02095
0.97338 8.02096
0.97338 8.02096
0.97338 8.02096
0.97338 8.02097
0.97337 8.02097
0.97337 8.02097
0.97337 8.02097
0.97337 8.02097
0.97337 8.02098
0.97337 8.02098
0.97337 8.02099
0.97337 8.02097
0.97336 8.02097
0.97336 8.02097
0.97336 8.02098
0.97336 8.02099
0.97336 8.02098
0.97336 8.02099
0.97336 8.02099
0.97336 8.02099
0.97336 8.02099
0.97336 8.021
0.97335 8.021
0.97335 8.021
0.97335 8.02101
0.97335 8.021
0.97335 8.02101
0.97335 8.02102
0.97335 8.02102
0.97335 8.02102
0.97335 8.02102
0.97335 8.02103
0.97335 8.02103
0.97334 8.02103
0.97334 8.02104
0.97334 8.02104
0.97334 8.02104
0.97334 8.02104
0.97334 8.02104
0.97334 8.02104
0.97334 8.02104
0.97334 8.02105
0.97334 8.02105
0.97334 8.02106
0.97334 8.02106
0.97333 8.02107
0.97333 8.02107
0.97333 8.02108
0.97333 8.02106
0.97333 8.02107
0.97333 8.02107
0.97333 8.02107
0.97333 8.02108
0.97333 8.02109
0.97333 8.02108
0.97333 8.02109
0.97333 8.02109
0.97333 8.02109
0.97333 8.0211
0.97332 8.0211
0.97332 8.0211
0.97332 8.02111
0.97332 8.02111
0.97332 8.02109
0.97332 8.0211
0.97332 8.0211
0.97332 8.02111
0.97332 8.02111
0.97332 8.02111
0.97332 8.02112
0.97332 8.02112
0.97332 8.02113
0.97332 8.02113
0.97332 8.02114
0.97331 8.02114
0.97331 8.02114
0.97331 8.02114
0.97331 8.02115
0.97331 8.02114
0.97331 8.02114
0.97331 8.02116
0.97331 8.02115
0.97331 8.02116
0.97331 8.02115
0.97331 8.02116
0.97331 8.02117
0.97331 8.02117
0.97331 8.02118
0.97331 8.02117
0.97331 8.02116
0.97331 8.02118
0.97331 8.02118
0.97331 8.02119
0.9733 8.02118
0.9733 8.02119
0.9733 8.02119
0.9733 8.0212
0.9733 8.0212
0.9733 8.02121
0.9733 8.02121
0.9733 8.0212
0.9733 8.0212
0.9733 8.0212
0.9733 8.02121
0.9733 8.02121
0.9733 8.02122
0.9733 8.02123
0.9733 8.02122
0.9733 8.02122
0.9733 8.02123
0.9733 8.02123
0.9733 8.02124
0.9733 8.02124
0.9733 8.02124
0.9733 8.02125
0.9733 8.02124
0.9733 8.02125
0.9733 8.02126
0.97329 8.02126
0.97329 8.02127
0.97329 8.02126
0.97329 8.02126
0.97329 8.02127
0.97329 8.02127
0.97329 8.02128
0.97329 8.02128
0.97329 8.02129
0.97329 8.02129
0.97329 8.02129
0.97329 8.02129
0.97329 8.02128
0.97329 8.02128
0.97329 8.02129
0.97329 8.02129
0.97329 8.02129
0.97329 8.02129
0.97329 8.02129
0.97329 8.0213
0.97329 8.0213
0.97329 8.0213
0.97329 8.0213
0.97329 8.02131
0.97329 8.02132
0.97329 8.02132
0.97328 8.02132
0.97328 8.02132
0.97328 8.02132
0.97328 8.02133
0.97328 8.02133
0.97328 8.02133
0.97328 8.02133
0.97328 8.02134
0.97328 8.02135
0.97328 8.02134
0.97328 8.02135
0.97328 8.02134
0.97328 8.02135
0.97328 8.02136
0.97328 8.02136
0.97328 8.02135
0.97328 8.02136
0.97328 8.02137
0.97328 8.02137
0.97328 8.02138
0.97328 8.02137
0.97328 8.02138
0.97328 8.02138
0.97328 8.02138
0.97328 8.02139
0.97328 8.02139
0.97328 8.02139
0.97328 8.0214
0.97328 8.02141
0.97328 8.02141
0.97328 8.0214
0.97328 8.02139
0.97328 8.0214
0.97328 8.02139
0.97328 8.02139
0.97328 8.0214
0.97328 8.0214
0.97328 8.02141
0.97328 8.02142
0.97328 8.02142
0.97327 8.02142
0.97327 8.02142
0.97327 8.02142
0.97327 8.02143
0.97327 8.02143
0.97327 8.02143
0.97327 8.02143
0.97327 8.02143
0.97327 8.02143
0.97327 8.02144
0.97327 8.02145
0.97327 8.02146
0.97327 8.02145
0.97327 8.02145
0.97327 8.02145
0.97327 8.02145
0.97327 8.02146
0.97327 8.02146
0.97327 8.02147
0.97327 8.02146
0.97327 8.02147
0.97327 8.02148
0.97327 8.02148
0.97327 8.02148
0.97327 8.02148
0.97327 8.02148
0.97327 8.02149
0.97327 8.02149
0.97327 8.02149
0.97327 8.02149
0.97327 8.02149
0.97327 8.0215
0.97327 8.0215
0.97327 8.0215
0.97327 8.02151
0.97327 8.0215
0.97327 8.02151
0.97327 8.0215
0.97327 8.0215
0.97327 8.02151
0.97327 8.02151
0.97327 8.02151
0.97327 8.02151
0.97327 8.02151
0.97327 8.02151
0.97327 8.02152
0.97327 8.02151
0.97327 8.02152
0.97327 8.02152
0.97327 8.02153
0.97327 8.02153
0.97327 8.02153
0.97327 8.02153
0.97327 8.02153
0.97327 8.02154
0.97327 8.02154
0.97327 8.02154
0.97327 8.02154
0.97326 8.02154
0.97326 8.02154
0.97327 8.02154
0.97327 8.02155
0.97326 8.02155
0.97326 8.02155
0.97326 8.02155
0.97326 8.02155
0.97326 8.02155
0.97326 8.02156
0.97326 8.02156
0.97326 8.02156
0.97326 8.02157
0.97326 8.02157
0.97326 8.02157
0.97326 8.02157
0.97326 8.02157
0.97326 8.02157
0.97326 8.02158
0.97326 8.02158
0.97326 8.02158
0.97326 8.02158
0.97326 8.02158
0.97326 8.02158
0.97326 8.02159
0.97326 8.02159
0.97326 8.02159
0.97326 8.02158
0.97326 8.0216
0.97326 8.02159
0.97326 8.02159
0.97326 8.02158
0.97326 8.02158
0.97326 8.02158
0.97326 8.02159
0.97326 8.02159
0.97326 8.02159
0.97326 8.02159
0.97326 8.0216
0.97326 8.0216
0.97326 8.0216
0.97326 8.0216
0.97326 8.02161
0.97326 8.02161
0.97326 8.02161
0.97326 8.02161
0.97326 8.02161
0.97326 8.02161
0.97326 8.02162
0.97326 8.02161
0.97326 8.02162
0.97326 8.02162
0.97326 8.02161
0.97326 8.02162
0.97326 8.02162
0.97326 8.02162
0.97326 8.02162
0.97326 8.02162
0.97326 8.02163
0.97326 8.02163
0.97326 8.02163
0.97326 8.02163
0.97326 8.02164
0.97326 8.02164
0.97326 8.02164
0.97326 8.02164
0.97326 8.02164
0.97326 8.02165
0.97326 8.02165
0.97326 8.02164
0.97326 8.02165
0.97326 8.02165
0.97326 8.02165
0.97326 8.02165
0.97326 8.02165
0.97326 8.02165
0.97326 8.02165
0.97326 8.02165
0.97326 8.02166
0.97326 8.02166
0.97326 8.02166
0.97326 8.02166
0.97326 8.02167
0.97326 8.02166
0.97326 8.02166
0.97326 8.02165
0.97326 8.02166
0.97326 8.02166
0.97326 8.02166
0.97326 8.02166
0.97326 8.02166
0.97326 8.02166
0.97326 8.02167
0.97326 8.02167
0.97326 8.02167
0.97326 8.02167
0.97326 8.02168
0.97326 8.02167
0.97326 8.02168
0.97326 8.02167
0.97326 8.02167
0.97326 8.02167
0.97326 8.02168
0.97325 8.02168
0.97325 8.02168
0.97325 8.02169
0.97326 8.02169
0.97326 8.02169
0.97326 8.02169
0.97326 8.02169
0.97326 8.02169
0.97326 8.02169
0.97325 8.02169
0.97325 8.02169
0.97325 8.02169
0.97326 8.0217
0.97326 8.02169
0.97326 8.02169
0.97325 8.0217
0.97325 8.0217
0.97325 8.02171
0.97325 8.0217
0.97325 8.0217
0.97325 8.02171
0.97325 8.02171
0.97325 8.02171
0.97325 8.0217
0.97325 8.0217
0.97325 8.02171
0.97325 8.02172
0.97325 8.02171
0.97325 8.02172
0.97325 8.02171
0.97325 8.02172
0.97325 8.02172
0.97325 8.02172
0.97325 8.02172
0.97325 8.02172
0.97325 8.02172
0.97325 8.02172
0.97325 8.02173
0.97325 8.02173
0.97325 8.02173
0.97325 8.02173
0.97325 8.02173
0.97325 8.02173
0.97325 8.02173
0.97325 8.02173
0.97325 8.02173
0.97325 8.02173
0.97325 8.02172
0.97325 8.02173
0.97325 8.02173
0.97325 8.02174
0.97325 8.02174
0.97325 8.02174
0.97325 8.02173
0.97325 8.02173
0.97325 8.02173
0.97325 8.02174
0.97325 8.02174
0.97325 8.02174
0.97325 8.02174
0.97325 8.02174
0.97325 8.02175
0.97325 8.02174
0.97325 8.02175
0.97325 8.02175
0.97325 8.02174
0.97325 8.02174
0.97325 8.02174
0.97325 8.02175
0.97325 8.02175
0.97325 8.02175
0.97325 8.02176
0.97325 8.02175
0.97325 8.02176
0.97325 8.02175
0.97325 8.02175
0.97325 8.02175
0.97325 8.02175
0.97325 8.02175
0.97325 8.02175
0.97325 8.02176
0.97325 8.02176
0.97325 8.02176
0.97325 8.02176
0.97325 8.02176
0.97325 8.02176
0.97325 8.02176
0.97325 8.02177
0.97325 8.02177
0.97325 8.02177
0.97325 8.02177
0.97325 8.02177
0.97325 8.02177
0.97325 8.02177
0.97325 8.02178
0.97325 8.02179
0.97325 8.02179
0.97325 8.02179
0.97325 8.02179
0.97325 8.02179
0.97325 8.02179
0.97325 8.02179
0.97325 8.02179
0.97325 8.02179
0.97325 8.02179
0.97325 8.02179
0.97325 8.02179
0.97325 8.02179
0.97325 8.02179
0.97325 8.02179
0.97325 8.02179
0.97325 8.02179
0.97325 8.0218
0.97325 8.02179
0.97325 8.02179
0.97325 8.02179
0.97325 8.0218
0.97325 8.0218
0.97325 8.0218
0.97325 8.02179
0.97325 8.02179
0.97325 8.02179
0.97325 8.02179
0.97325 8.02179
0.97325 8.0218
0.97325 8.0218
0.97325 8.0218
0.97325 8.0218
0.97325 8.0218
0.97325 8.0218
0.97325 8.0218
0.97325 8.0218
0.97325 8.0218
0.97325 8.02181
0.97325 8.02181
0.97325 8.02181
0.97325 8.02181
0.97325 8.02181
0.97325 8.0218
0.97325 8.02181
0.97325 8.02181
0.97325 8.02181
0.97325 8.02181
0.97325 8.02182
0.97325 8.02182
0.97325 8.02181
0.97325 8.02182
0.97325 8.02181
0.97325 8.02181
0.97325 8.02181
0.97325 8.02181
0.97325 8.02181
0.97325 8.02181
0.97325 8.02181
0.97325 8.02181
0.97325 8.02181
0.97325 8.02181
0.97325 8.02181
0.97325 8.02181
0.97325 8.02181
0.97325 8.02181
0.97325 8.02181
0.97325 8.02181
0.97325 8.02181
0.97325 8.02181
0.97325 8.0218
0.97325 8.02181
0.97325 8.02181
0.97325 8.0218
0.97325 8.02181
0.97325 8.02181
0.97325 8.02181
0.97325 8.02181
0.97325 8.02181
0.97325 8.02181
0.97325 8.02181
0.97325 8.02182
0.97325 8.02182
0.97325 8.02181
0.97325 8.02181
0.97325 8.02181
0.97325 8.02181
0.97325 8.02181
0.97325 8.02182
0.97325 8.02182
0.97325 8.02182
0.97325 8.02182
0.97325 8.02182
0.97325 8.02182
0.97325 8.02182
0.97325 8.02182
0.97325 8.02182
0.97325 8.02182
0.97325 8.02182
0.97325 8.02183
0.97325 8.02182
0.97325 8.02183
0.97325 8.02183
0.97325 8.02183
0.97325 8.02183
0.97325 8.02183
0.97325 8.02183
0.97325 8.02183
0.97325 8.02183
0.97325 8.02183
0.97325 8.02183
0.97325 8.02183
0.97325 8.02183
0.97325 8.02183
0.97325 8.02183
0.97325 8.02183
0.97325 8.02183
0.97325 8.02183
0.97325 8.02183
0.97325 8.02183
0.97325 8.02183
0.97325 8.02183
0.97325 8.02183
0.97325 8.02183
0.97325 8.02183
0.97325 8.02183
0.97325 8.02183
0.97325 8.02183
0.97325 8.02183
0.97325 8.02183
0.97325 8.02183
0.97325 8.02183
0.97325 8.02183
0.97325 8.02183
0.97325 8.02183
0.97325 8.02184
0.97325 8.02184
0.97325 8.02184
0.97325 8.02183
0.97325 8.02183
0.97325 8.02183
0.97325 8.02183
0.97325 8.02183
0.97325 8.02183
0.97325 8.02183
0.97325 8.02183
0.97325 8.02183
0.97325 8.02183
0.97325 8.02183
0.97325 8.02183
0.97325 8.02183
0.97325 8.02183
0.97325 8.02183
0.97325 8.02183
0.97325 8.02184
0.97325 8.02184
0.97325 8.02183
0.97325 8.02183
0.97325 8.02183
0.97325 8.02183
0.97325 8.02184
0.97325 8.02184
0.97325 8.02184
0.97325 8.02184
0.97325 8.02184
0.97325 8.02184
0.97325 8.02184
0.97325 8.02184
0.97325 8.02184
0.97325 8.02184
0.97325 8.02184
0.97325 8.02184
0.97325 8.02184
0.97325 8.02185
0.97325 8.02184
0.97325 8.02184
0.97325 8.02184
0.97325 8.02184
0.97325 8.02184
0.97325 8.02184
0.97325 8.02185
0.97325 8.02185
0.97325 8.02185
0.97325 8.02185
0.97325 8.02185
0.97325 8.02185
0.97325 8.02184
0.97325 8.02184
0.97325 8.02185
0.97325 8.02185
0.97325 8.02185
0.97325 8.02185
0.97325 8.02185
0.97325 8.02184
0.97325 8.02185
0.97325 8.02185
0.97325 8.02185
0.97325 8.02185
0.97325 8.02185
0.97325 8.02185
0.97325 8.02185
0.97325 8.02185
0.97325 8.02185
0.97325 8.02186
0.97325 8.02186
0.97325 8.02185
0.97325 8.02185
0.97325 8.02185
0.97325 8.02185
0.97325 8.02185
0.97325 8.02185
0.97325 8.02185
0.97325 8.02184
0.97325 8.02185
0.97325 8.02185
0.97325 8.02184
0.97325 8.02184
0.97325 8.02184
0.97325 8.02184
0.97325 8.02184
0.97325 8.02185
0.97325 8.02185
0.97325 8.02185
0.97325 8.02185
0.97325 8.02184
0.97325 8.02183
0.97325 8.02183
0.97325 8.02183
0.97325 8.02184
0.97325 8.02184
0.97325 8.02184
0.97325 8.02184
0.97325 8.02184
0.97325 8.02184
0.97325 8.02184
0.97325 8.02183
0.97325 8.02184
0.97325 8.02183
0.97325 8.02183
0.97325 8.02183
0.97325 8.02183
0.97325 8.02183
0.97325 8.02183
0.97325 8.02183
0.97325 8.02183
0.97325 8.02184
0.97325 8.02183
0.97325 8.02183
0.97325 8.02183
0.97325 8.02183
0.97325 8.02183
0.97325 8.02183
0.97325 8.02183
0.97325 8.02183
0.97325 8.02183
0.97325 8.02183
0.97325 8.02183
0.97325 8.02183
0.97325 8.02183
0.97325 8.02183
0.97325 8.02183
0.97325 8.02184
0.97325 8.02183
0.97325 8.02183
0.97325 8.02183
0.97325 8.02183
0.97325 8.02183
0.97325 8.02183
0.97325 8.02183
0.97325 8.02183
0.97325 8.02184
0.97325 8.02185
0.97325 8.02185
0.97325 8.02185
0.97325 8.02185
0.97325 8.02185
0.97325 8.02185
0.97325 8.02185
0.97325 8.02185
0.97325 8.02185
0.97325 8.02185
0.97325 8.02185
0.97325 8.02185
0.97325 8.02185
0.97325 8.02185
0.97325 8.02185
0.97325 8.02185
0.97325 8.02185
0.97325 8.02185
0.97325 8.02185
0.97325 8.02185
0.97325 8.02185
0.97325 8.02185
0.97325 8.02185
0.97325 8.02185
0.97325 8.02185
0.97325 8.02185
0.97325 8.02185
0.97325 8.02184
0.97325 8.02185
0.97325 8.02185
0.97325 8.02184
0.97325 8.02184
0.97325 8.02184
0.97325 8.02184
0.97325 8.02185
0.97325 8.02184
0.97325 8.02185
0.97325 8.02185
0.97325 8.02185
0.97325 8.02185
0.97325 8.02184
0.97325 8.02184
0.97325 8.02184
0.97325 8.02184
0.97325 8.02184
0.97325 8.02184
0.97325 8.02184
0.97325 8.02184
0.97325 8.02184
0.97325 8.02184
0.97325 8.02184
0.97325 8.02184
0.97325 8.02184
0.97325 8.02184
0.97325 8.02184
0.97325 8.02184
0.97325 8.02184
0.97325 8.02184
0.97325 8.02184
0.97325 8.02184
0.97325 8.02184
0.97325 8.02184
0.97325 8.02184
0.97325 8.02184
0.97325 8.02184
0.97325 8.02184
0.97325 8.02184
0.97325 8.02184
0.97325 8.02184
0.97325 8.02184
0.97325 8.02184
0.97325 8.02184
0.97325 8.02184
0.97325 8.02184
0.97325 8.02184
0.97325 8.02184
0.97325 8.02184
0.97325 8.02183
0.97325 8.02184
0.97325 8.02184
0.97325 8.02184
0.97325 8.02184
0.97325 8.02184
0.97325 8.02184
0.97325 8.02184
0.97325 8.02184
0.97325 8.02184
0.97325 8.02184
0.97325 8.02184
0.97325 8.02183
0.97325 8.02183
0.97325 8.02183
0.97325 8.02183
0.97325 8.02183
0.97325 8.02183
0.97325 8.02183
0.97325 8.02183
0.97325 8.02183
0.97325 8.02183
0.97325 8.02183
0.97325 8.02183
0.97325 8.02183
0.97325 8.02184
0.97325 8.02184
0.97325 8.02184
0.97325 8.02184
0.97325 8.02184
0.97325 8.02184
0.97325 8.02184
0.97325 8.02184
0.97325 8.02184
0.97325 8.02184
0.97325 8.02184
0.97325 8.02184
0.97325 8.02184
0.97325 8.02184
0.97325 8.02184
0.97325 8.02184
0.97325 8.02183
0.97325 8.02183
0.97325 8.02183
0.97325 8.02183
0.97325 8.02183
0.97325 8.02184
0.97325 8.02184
0.97325 8.02184
0.97325 8.02184
0.97325 8.02184
0.97325 8.02184
0.97325 8.02184
0.97325 8.02184
0.97325 8.02184
0.97325 8.02184
0.97325 8.02184
0.97325 8.02184
0.97325 8.02184
0.97325 8.02184
0.97325 8.02184
0.97325 8.02184
0.97325 8.02184
0.97325 8.02184
0.97325 8.02184
0.97325 8.02184
0.97325 8.02184
0.97325 8.02184
0.97325 8.02184
0.97325 8.02184
0.97325 8.02184
0.97325 8.02184
0.97325 8.02184
0.97325 8.02184
0.97325 8.02184
0.97325 8.02184
0.97325 8.02184
0.97325 8.02184
0.97325 8.02184
0.97325 8.02184
0.97325 8.02184
0.97325 8.02184
0.97325 8.02184
0.97325 8.02184
0.97325 8.02184
0.97325 8.02184
0.97325 8.02184
0.97325 8.02184
0.97325 8.02184
0.97325 8.02184
0.97325 8.02184
0.97325 8.02184
0.97325 8.02183
0.97325 8.02184
0.97325 8.02184
0.97325 8.02184
0.97325 8.02184
0.97325 8.02184
0.97325 8.02184
0.97325 8.02184
0.97325 8.02184
0.97325 8.02184
0.97325 8.02184
0.97325 8.02184
0.97325 8.02184
0.97325 8.02184
0.97325 8.02183
0.97325 8.02183
0.97325 8.02183
0.97325 8.02183
0.97325 8.02183
0.97325 8.02183
0.97325 8.02183
0.97325 8.02183
0.97325 8.02183
0.97325 8.02183
0.97325 8.02183
0.97325 8.02183
0.97325 8.02183
0.97325 8.02183
0.97325 8.02183
0.97325 8.02183
0.97325 8.02183
0.97325 8.02183
0.97325 8.02183
0.97325 8.02183
0.97325 8.02183
0.97325 8.02183
0.97325 8.02183
0.97325 8.02183
0.97325 8.02183
0.97325 8.02183
0.97325 8.02183
0.97325 8.02183
0.97325 8.02183
0.97325 8.02183
0.97325 8.02183
0.97325 8.02183
0.97325 8.02183
0.97325 8.02183
0.97325 8.02183
0.97325 8.02183
0.97325 8.02183
0.97325 8.02183
0.97325 8.02182
0.97325 8.02183
0.97325 8.02183
0.97325 8.02182
0.97325 8.02182
0.97325 8.02182
0.97325 8.02182
0.97325 8.02182
0.97325 8.02183
0.97325 8.02183
0.97325 8.02183
0.97325 8.02183
0.97325 8.02183
0.97325 8.02183
0.97325 8.02183
0.97325 8.02183
0.97325 8.02183
0.97325 8.02182
0.97325 8.02183
0.97325 8.02183
0.97325 8.02183
0.97325 8.02183
0.97325 8.02183
0.97325 8.02183
0.97325 8.02183
0.97325 8.02183
0.97325 8.02183
0.97325 8.02183
0.97325 8.02183
0.97325 8.02183
0.97325 8.02183
0.97325 8.02183
0.97325 8.02183
0.97325 8.02183
0.97325 8.02183
0.97325 8.02183
0.97325 8.02183
0.97325 8.02183
0.97325 8.02183
0.97325 8.02182
0.97325 8.02182
0.97325 8.02182
0.97325 8.02183
0.97325 8.02183
0.97325 8.02182
0.97325 8.02182
0.97325 8.02182
0.97325 8.02182
0.97325 8.02182
0.97325 8.02182
0.97325 8.02182
0.97325 8.02182
0.97325 8.02182
0.97325 8.02182
0.97325 8.02182
0.97325 8.02182
0.97325 8.02182
0.97325 8.02181
0.97325 8.02181
0.97325 8.02181
0.97325 8.02181
0.97325 8.02181
0.97325 8.02181
0.97325 8.02181
0.97325 8.02181
0.97325 8.02181
0.97325 8.02181
0.97325 8.02181
0.97325 8.02181
0.97325 8.02181
0.97325 8.02181
0.97325 8.02181
0.97325 8.02181
0.97325 8.02181
0.97325 8.02181
0.97325 8.02181
0.97325 8.02181
0.97325 8.02181
0.97325 8.02181
0.97325 8.02181
0.97325 8.02181
0.97325 8.02181
0.97325 8.02181
0.97325 8.02181
0.97325 8.02181
0.97325 8.02181
0.97325 8.02181
0.97325 8.02181
0.97325 8.02181
0.97325 8.0218
0.97325 8.02181
0.97325 8.02181
0.97325 8.02181
0.97325 8.02181
0.97325 8.0218
0.97325 8.02181
0.97325 8.02181
0.97325 8.02181
0.97325 8.02181
0.97325 8.02181
0.97325 8.02181
0.97325 8.02181
0.97325 8.02181
0.97325 8.02181
0.97325 8.02181
0.97325 8.02181
0.97325 8.02181
0.97325 8.02181
0.97325 8.02181
0.97325 8.02181
0.97325 8.02181
0.97325 8.02181
0.97325 8.02181
0.97325 8.02181
0.97325 8.02181
0.97325 8.0218
0.97325 8.0218
0.97325 8.0218
0.97325 8.0218
0.97325 8.0218
0.97325 8.0218
0.97325 8.0218
0.97325 8.0218
0.97325 8.0218
0.97325 8.0218
0.97325 8.0218
0.97325 8.0218
0.97325 8.0218
0.97325 8.02179
0.97325 8.02179
0.97325 8.02179
0.97325 8.02179
0.97325 8.02179
0.97325 8.02179
0.97325 8.02179
0.97325 8.0218
0.97325 8.02179
0.97325 8.02179
0.97325 8.02179
0.97325 8.02179
0.97325 8.02179
0.97325 8.02179
0.97325 8.02179
0.97325 8.02179
0.97325 8.02179
0.97325 8.02179
0.97325 8.02179
0.97325 8.02179
0.97325 8.02179
0.97325 8.02178
0.97325 8.02178
0.97325 8.02178
0.97325 8.02178
0.97325 8.02178
0.97325 8.02178
0.97325 8.02178
0.97325 8.02178
0.97325 8.02178
0.97325 8.02178
0.97325 8.02178
0.97325 8.02178
0.97325 8.02178
0.97325 8.02178
0.97325 8.02178
0.97325 8.02178
0.97325 8.02178
0.97325 8.02178
0.97325 8.02178
0.97325 8.02178
0.97325 8.02178
0.97325 8.02178
0.97325 8.02178
0.97325 8.02178
0.97325 8.02178
0.97325 8.02178
0.97325 8.02178
0.97325 8.02178
0.97325 8.02178
0.97325 8.02178
0.97325 8.02178
0.97325 8.02178
0.97325 8.02177
0.97325 8.02177
0.97325 8.02177
0.97325 8.02177
0.97325 8.02177
0.97325 8.02177
0.97325 8.02177
0.97325 8.02177
0.97325 8.02177
0.97325 8.02177
0.97325 8.02177
0.97325 8.02177
0.97325 8.02177
0.97325 8.02177
0.97325 8.02177
0.97325 8.02177
0.97325 8.02178
0.97325 8.02178
0.97325 8.02178
0.97325 8.02178
0.97325 8.02178
0.97325 8.02177
0.97325 8.02177
0.97325 8.02177
0.97325 8.02177
0.97325 8.02177
0.97325 8.02177
0.97325 8.02177
0.97325 8.02177
0.97325 8.02177
0.97325 8.02177
0.97325 8.02177
0.97325 8.02177
0.97325 8.02177
0.97325 8.02177
0.97325 8.02177
0.97325 8.02177
0.97325 8.02177
0.97325 8.02177
0.97325 8.02177
0.97325 8.02177
0.97325 8.02177
0.97325 8.02177
0.97325 8.02177
0.97325 8.02177
0.97324 8.02177
0.97325 8.02177
0.97325 8.02177
0.97325 8.02177
0.97325 8.02177
0.97325 8.02177
0.97325 8.02177
0.97325 8.02177
0.97325 8.02177
0.97325 8.02177
0.97325 8.02177
0.97325 8.02177
0.97325 8.02177
0.97325 8.02177
0.97325 8.02177
0.97325 8.02177
0.97325 8.02177
0.97325 8.02177
0.97325 8.02177
0.97325 8.02177
0.97325 8.02177
0.97325 8.02177
0.97325 8.02177
0.97325 8.02177
0.97325 8.02177
0.97325 8.02177
0.97325 8.02177
0.97325 8.02177
0.97325 8.02177
0.97325 8.02177
0.97325 8.02177
0.97325 8.02178
0.97325 8.02178
0.97325 8.02178
0.97325 8.02178
0.97325 8.02178
0.97325 8.02178
0.97325 8.02178
0.97325 8.02178
0.97325 8.02178
0.97325 8.02178
0.97325 8.02178
0.97325 8.02178
0.97325 8.02177
0.97325 8.02177
0.97325 8.02177
0.97325 8.02177
0.97325 8.02177
0.97325 8.02177
0.97325 8.02177
0.97325 8.02177
0.97325 8.02177
0.97325 8.02177
0.97325 8.02177
0.97325 8.02177
0.97325 8.02177
0.97325 8.02177
0.97325 8.02177
0.97325 8.02177
0.97325 8.02177
0.97325 8.02177
0.97325 8.02177
0.97325 8.02177
0.97325 8.02177
0.97325 8.02177
0.97325 8.02177
0.97325 8.02177
0.97325 8.02177
0.97325 8.02177
0.97325 8.02177
0.97325 8.02177
0.97325 8.02177
0.97325 8.02177
0.97325 8.02177
0.97325 8.02177
0.97325 8.02177
0.97325 8.02177
0.97325 8.02177
0.97325 8.02177
0.97325 8.02177
0.97325 8.02176
0.97325 8.02176
0.97325 8.02176
0.97325 8.02176
0.97325 8.02176
0.97325 8.02176
0.97325 8.02176
0.97325 8.02177
0.97325 8.02177
0.97325 8.02177
0.97325 8.02177
0.97325 8.02177
0.97325 8.02176
0.97325 8.02176
0.97325 8.02177
0.97325 8.02177
0.97325 8.02177
0.97325 8.02176
0.97325 8.02177
0.97325 8.02176
0.97325 8.02176
0.97325 8.02176
0.97325 8.02176
0.97325 8.02176
0.97325 8.02176
0.97325 8.02176
0.97325 8.02176
0.97325 8.02176
0.97325 8.02176
0.97325 8.02176
0.97325 8.02176
0.97325 8.02176
0.97325 8.02176
0.97325 8.02176
0.97325 8.02176
0.97325 8.02176
0.97325 8.02176
0.97325 8.02176
0.97325 8.02176
0.97325 8.02176
0.97325 8.02176
0.97325 8.02177
0.97325 8.02177
0.97325 8.02177
0.97325 8.02177
0.97325 8.02176
0.97325 8.02176
0.97325 8.02176
0.97325 8.02177
0.97325 8.02177
0.97325 8.02177
0.97325 8.02177
0.97325 8.02177
0.97325 8.02177
0.97325 8.02177
0.97325 8.02177
0.97325 8.02177
0.97325 8.02177
0.97325 8.02177
0.97325 8.02177
0.97325 8.02177
0.97325 8.02177
0.97325 8.02176
0.97325 8.02176
0.97325 8.02177
0.97325 8.02177
0.97325 8.02177
0.97325 8.02177
0.97325 8.02177
0.97325 8.02177
0.97325 8.02177
0.97325 8.02177
0.97325 8.02177
0.97325 8.02177
0.97325 8.02176
0.97325 8.02176
0.97325 8.02176
0.97325 8.02177
0.97325 8.02177
0.97325 8.02177
0.97325 8.02177
0.97325 8.02177
0.97325 8.02177
0.97325 8.02176
0.97325 8.02176
0.97325 8.02176
0.97325 8.02176
0.97325 8.02176
0.97325 8.02176
0.97325 8.02176
0.97325 8.02176
0.97325 8.02176
0.97325 8.02176
0.97325 8.02176
0.97325 8.02176
0.97325 8.02176
0.97325 8.02176
0.97325 8.02176
0.97325 8.02176
0.97325 8.02176
0.97325 8.02176
0.97325 8.02176
0.97325 8.02176
0.97325 8.02176
0.97325 8.02176
0.97325 8.02176
0.97325 8.02176
0.97325 8.02176
0.97325 8.02176
0.97325 8.02176
0.97325 8.02176
0.97325 8.02176
0.97325 8.02176
0.97325 8.02176
0.97325 8.02176
0.97325 8.02176
0.97325 8.02176
0.97325 8.02176
0.97325 8.02176
0.97325 8.02176
0.97325 8.02176
0.97325 8.02176
0.97325 8.02176
0.97325 8.02176
0.97325 8.02176
0.97325 8.02176
0.97325 8.02176
0.97325 8.02176
0.97325 8.02176
0.97325 8.02176
0.97325 8.02176
0.97325 8.02176
0.97325 8.02176
0.97325 8.02176
0.97325 8.02176
0.97325 8.02176
0.97325 8.02176
0.97325 8.02176
0.97325 8.02176
0.97325 8.02176
0.97325 8.02176
0.97325 8.02176
0.97325 8.02176
0.97325 8.02176
0.97325 8.02176
0.97325 8.02176
0.97325 8.02176
0.97325 8.02176
0.97325 8.02176
0.97325 8.02176
0.97325 8.02176
0.97325 8.02176
0.97325 8.02176
0.97325 8.02176
0.97325 8.02176
0.97325 8.02176
0.97325 8.02176
0.97325 8.02176
0.97325 8.02176
0.97325 8.02176
0.97325 8.02176
0.97325 8.02176
0.97325 8.02176
0.97325 8.02175
0.97325 8.02176
0.97325 8.02175
0.97325 8.02175
0.97325 8.02175
0.97325 8.02175
0.97325 8.02175
0.97325 8.02175
0.97325 8.02175
0.97325 8.02175
0.97325 8.02175
0.97325 8.02175
0.97325 8.02175
0.97325 8.02175
0.97325 8.02175
0.97325 8.02175
0.97325 8.02175
0.97325 8.02175
0.97325 8.02175
0.97325 8.02175
0.97325 8.02175
0.97325 8.02175
0.97325 8.02175
0.97325 8.02175
0.97325 8.02175
0.97325 8.02175
0.97325 8.02175
0.97325 8.02175
0.97325 8.02175
0.97325 8.02175
0.97325 8.02175
0.97325 8.02175
0.97325 8.02175
0.97325 8.02175
0.97325 8.02175
0.97325 8.02175
0.97325 8.02175
0.97325 8.02175
0.97325 8.02176
0.97325 8.02176
0.97325 8.02176
0.97325 8.02176
0.97325 8.02176
0.97325 8.02176
0.97325 8.02176
0.97325 8.02176
0.97325 8.02176
0.97325 8.02176
0.97325 8.02176
0.97325 8.02175
0.97325 8.02175
0.97325 8.02176
0.97325 8.02176
0.97325 8.02175
0.97325 8.02175
0.97325 8.02175
0.97325 8.02175
0.97325 8.02175
0.97325 8.02175
0.97325 8.02175
0.97325 8.02175
0.97325 8.02175
0.97325 8.02175
0.97325 8.02175
0.97325 8.02175
0.97325 8.02175
0.97325 8.02176
0.97325 8.02176
0.97325 8.02175
0.97325 8.02175
0.97325 8.02175
0.97325 8.02175
0.97325 8.02175
0.97325 8.02175
0.97325 8.02175
0.97325 8.02175
0.97325 8.02175
0.97325 8.02175
0.97325 8.02175
0.97325 8.02175
0.97325 8.02175
0.97325 8.02175
0.97325 8.02175
0.97325 8.02175
0.97325 8.02175
0.97325 8.02176
0.97325 8.02175
0.97325 8.02175
0.97325 8.02175
0.97325 8.02175
0.97325 8.02175
0.97325 8.02175
0.97325 8.02175
0.97325 8.02175
0.97325 8.02175
0.97325 8.02175
0.97325 8.02175
0.97325 8.02175
0.97325 8.02175
0.97325 8.02175
0.97325 8.02175
0.97325 8.02175
0.97325 8.02175
0.97325 8.02175
0.97325 8.02175
0.97325 8.02175
0.97325 8.02175
0.97325 8.02175
0.97325 8.02175
0.97325 8.02175
0.97325 8.02175
0.97325 8.02175
0.97325 8.02175
0.97325 8.02175
0.97325 8.02175
0.97325 8.02175
0.97325 8.02175
0.97325 8.02175
0.97325 8.02175
0.97325 8.02175
0.97325 8.02175
0.97325 8.02175
0.97325 8.02175
0.97325 8.02175
0.97325 8.02175
0.97325 8.02175
0.97325 8.02175
0.97325 8.02175
0.97325 8.02175
0.97325 8.02175
0.97325 8.02175
0.97325 8.02175
0.97325 8.02175
0.97325 8.02175
0.97325 8.02175
0.97325 8.02175
0.97325 8.02175
0.97325 8.02175
0.97325 8.02175
0.97325 8.02175
0.97325 8.02175
0.97325 8.02175
0.97325 8.02175
0.97325 8.02175
0.97325 8.02175
0.97325 8.02175
0.97325 8.02175
0.97325 8.02175
0.97325 8.02175
0.97324 8.02175
0.97324 8.02175
0.97324 8.02175
0.97324 8.02175
0.97324 8.02175
0.97324 8.02175
0.97324 8.02175
0.97324 8.02175
0.97324 8.02175
0.97324 8.02175
0.97324 8.02174
0.97324 8.02174
0.97324 8.02174
0.97324 8.02174
0.97324 8.02174
0.97324 8.02174
0.97324 8.02174
0.97324 8.02174
0.97324 8.02174
0.97324 8.02174
0.97324 8.02174
0.97324 8.02174
0.97324 8.02174
0.97324 8.02174
0.97324 8.02174
0.97324 8.02174
0.97324 8.02174
0.97324 8.02174
0.97324 8.02174
0.97324 8.02174
0.97324 8.02174
0.97324 8.02174
0.97324 8.02174
0.97324 8.02174
0.97324 8.02174
0.97324 8.02174
0.97324 8.02174
0.97324 8.02174
0.97324 8.02174
0.97324 8.02174
0.97324 8.02174
0.97324 8.02174
0.97324 8.02174
0.97324 8.02174
0.97324 8.02174
0.97324 8.02174
0.97325 8.02174
0.97325 8.02174
0.97324 8.02174
0.97325 8.02174
0.97325 8.02174
0.97325 8.02174
0.97325 8.02174
0.97325 8.02174
0.97325 8.02174
0.97325 8.02174
0.97325 8.02174
0.97325 8.02174
0.97325 8.02174
0.97325 8.02174
0.97325 8.02174
0.97325 8.02174
0.97325 8.02174
0.97325 8.02174
0.97325 8.02174
0.97325 8.02174
0.97325 8.02174
0.97325 8.02174
0.97325 8.02174
0.97325 8.02174
0.97325 8.02174
0.97325 8.02174
0.97325 8.02173
0.97325 8.02173
0.97325 8.02173
0.97325 8.02173
0.97325 8.02173
0.97325 8.02173
0.97325 8.02173
0.97325 8.02173
0.97325 8.02173
0.97325 8.02173
0.97325 8.02173
0.97325 8.02173
0.97325 8.02173
0.97325 8.02173
0.97325 8.02173
0.97325 8.02173
0.97325 8.02173
0.97325 8.02173
0.97325 8.02173
