0.97443 8.02058
0.97443 8.02062
0.97443 8.0206
0.97443 8.02058
0.97443 8.02055
0.97443 8.02053
0.97443 8.02051
0.97443 8.02049
0.97443 8.02047
0.97443 8.02045
0.97443 8.02042
0.97443 8.0204
0.97442 8.02038
0.97442 8.02036
0.97442 8.02034
0.97442 8.02032
0.97442 8.0203
0.97442 8.02028
0.97442 8.02026
0.97442 8.02025
0.97442 8.02023
0.97442 8.02021
0.97442 8.02019
0.97442 8.02016
0.97442 8.02014
0.97442 8.02013
0.97441 8.02011
0.97441 8.02009
0.97441 8.02007
0.97441 8.02008
0.97441 8.02006
0.97441 8.02005
0.97441 8.02003
0.97441 8.02002
0.97441 8.02001
0.97441 8.02002
0.97441 8.02
0.97441 8.01998
0.97441 8.01996
0.9744 8.01995
0.9744 8.01993
0.9744 8.01993
0.9744 8.01994
0.9744 8.01993
0.9744 8.0199
0.9744 8.01988
0.9744 8.01987
0.9744 8.01985
0.9744 8.01985
0.9744 8.01986
0.97439 8.01986
0.97439 8.01984
0.97439 8.01983
0.97439 8.01984
0.97439 8.01985
0.97439 8.01982
0.97439 8.01981
0.97439 8.0198
0.97439 8.01979
0.97439 8.01979
0.97438 8.01978
0.97438 8.01978
0.97438 8.01978
0.97438 8.01977
0.97438 8.01975
0.97438 8.01976
0.97438 8.01975
0.97438 8.01973
0.97437 8.01973
0.97437 8.01973
0.97437 8.01972
0.97437 8.01971
0.97437 8.0197
0.97437 8.01969
0.97437 8.01968
0.97436 8.01968
0.97436 8.01966
0.97436 8.01965
0.97436 8.01966
0.97436 8.01965
0.97436 8.01963
0.97435 8.01962
0.97435 8.01962
0.97435 8.01961
0.97435 8.01959
0.97435 8.01958
0.97434 8.01958
0.97434 8.01956
0.97434 8.01955
0.97434 8.01954
0.97434 8.01953
0.97433 8.01951
0.97433 8.0195
0.97433 8.0195
0.97433 8.01949
0.97432 8.01947
0.97432 8.01946
0.97432 8.01946
0.97432 8.01947
0.97432 8.01948
0.97431 8.01949
0.97431 8.01949
0.97431 8.01949
0.9743 8.01951
0.9743 8.01951
0.9743 8.01951
0.9743 8.01951
0.97429 8.01951
0.97429 8.01952
0.97429 8.01952
0.97428 8.01951
0.97428 8.01952
0.97428 8.01952
0.97428 8.01952
0.97427 8.01952
0.97427 8.01952
0.97427 8.01952
0.97426 8.01952
0.97426 8.01951
0.97426 8.01951
0.97425 8.01952
0.97425 8.01952
0.97425 8.01952
0.97424 8.01951
0.97424 8.0195
0.97423 8.0195
0.97423 8.0195
0.97423 8.0195
0.97422 8.0195
0.97422 8.01949
0.97422 8.01948
0.97421 8.01948
0.97421 8.01948
0.9742 8.01947
0.9742 8.01947
0.9742 8.01946
0.97419 8.01946
0.97419 8.01945
0.97418 8.01945
0.97418 8.01944
0.97417 8.01944
0.97417 8.01943
0.97417 8.01942
0.97416 8.01942
0.97416 8.0194
0.97415 8.01939
0.97415 8.01939
0.97414 8.01938
0.97414 8.01937
0.97413 8.01936
0.97413 8.01934
0.97413 8.01934
0.97412 8.01933
0.97412 8.01931
0.97411 8.0193
0.97411 8.0193
0.9741 8.01929
0.9741 8.01928
0.97409 8.01927
0.97409 8.01926
0.97408 8.01924
0.97408 8.01924
0.97407 8.01922
0.97407 8.01921
0.97406 8.0192
0.97406 8.01919
0.97405 8.01918
0.97405 8.01918
0.97404 8.01917
0.97404 8.01915
0.97403 8.01914
0.97403 8.01913
0.97402 8.01912
0.97402 8.01911
0.97401 8.0191
0.97401 8.01909
0.974 8.01908
0.974 8.01907
0.97399 8.01905
0.97399 8.01905
0.97398 8.01904
0.97398 8.01903
0.97397 8.01902
0.97397 8.019
0.97396 8.019
0.97396 8.01899
0.97395 8.01898
0.97395 8.01897
0.97394 8.01896
0.97394 8.01895
0.97393 8.01894
0.97393 8.01893
0.97392 8.01892
0.97392 8.01891
0.97391 8.0189
0.97391 8.0189
0.9739 8.01888
0.9739 8.01887
0.97389 8.01887
0.97389 8.01886
0.97388 8.01885
0.97388 8.01885
0.97387 8.01883
0.97387 8.01882
0.97386 8.01882
0.97386 8.01881
0.97385 8.0188
0.97385 8.01879
0.97384 8.01878
0.97384 8.01878
0.97384 8.01877
0.97383 8.01877
0.97383 8.01875
0.97382 8.01875
0.97382 8.01874
0.97381 8.01874
0.97381 8.01873
0.9738 8.01872
0.9738 8.01872
0.97379 8.01871
0.97379 8.0187
0.97378 8.01869
0.97378 8.01869
0.97378 8.01868
0.97377 8.01868
0.97377 8.01867
0.97376 8.01867
0.97376 8.01866
0.97375 8.01865
0.97375 8.01865
0.97374 8.01864
0.97374 8.01864
0.97374 8.01863
0.97373 8.01863
0.97373 8.01863
0.97372 8.01862
0.97372 8.01862
0.97372 8.0186
0.97371 8.0186
0.97371 8.0186
0.9737 8.0186
0.9737 8.01859
0.9737 8.01859
0.97369 8.01858
0.97369 8.01858
0.97368 8.01858
0.97368 8.01857
0.97368 8.01857
0.97367 8.01857
0.97367 8.01856
0.97367 8.01856
0.97366 8.01857
0.97366 8.01856
0.97365 8.01856
0.97365 8.01855
0.97365 8.01855
0.97364 8.01855
0.97364 8.01855
0.97364 8.01855
0.97363 8.01854
0.97363 8.01855
0.97363 8.01854
0.97362 8.01854
0.97362 8.01853
0.97362 8.01854
0.97361 8.01854
0.97361 8.01853
0.97361 8.01853
0.9736 8.01854
0.9736 8.01853
0.9736 8.01853
0.97359 8.01852
0.97359 8.01854
0.97359 8.01852
0.97358 8.01853
0.97358 8.01853
0.97358 8.01853
0.97358 8.01853
0.97357 8.01853
0.97357 8.01853
0.97357 8.01853
0.97356 8.01853
0.97356 8.01853
0.97356 8.01853
0.97355 8.01854
0.97355 8.01854
0.97355 8.01854
0.97355 8.01854
0.97354 8.01853
0.97354 8.01854
0.97354 8.01854
0.97354 8.01854
0.97353 8.01854
0.97353 8.01855
0.97353 8.01854
0.97353 8.01855
0.97352 8.01855
0.97352 8.01855
0.97352 8.01855
0.97352 8.01855
0.97351 8.01855
0.97351 8.01856
0.97351 8.01857
0.97351 8.01856
0.9735 8.01857
0.9735 8.01857
0.9735 8.01857
0.9735 8.01857
0.9735 8.01858
0.97349 8.01858
0.97349 8.01859
0.97349 8.01858
0.97349 8.01859
0.97348 8.01858
0.97348 8.0186
0.97348 8.0186
0.97348 8.01861
0.97348 8.0186
0.97347 8.01861
0.97347 8.01862
0.97347 8.01862
0.97347 8.01861
0.97347 8.01862
0.97347 8.01862
0.97346 8.01864
0.97346 8.01863
0.97346 8.01863
0.97346 8.01864
0.97346 8.01865
0.97345 8.01865
0.97345 8.01865
0.97345 8.01866
0.97345 8.01865
0.97345 8.01866
0.97344 8.01867
0.97344 8.01868
0.97344 8.01868
0.97344 8.01868
0.97344 8.01868
0.97344 8.01869
0.97343 8.0187
0.97343 8.01869
0.97343 8.0187
0.97343 8.01872
0.97343 8.01872
0.97343 8.01872
0.97343 8.01873
0.97342 8.01873
0.97342 8.01873
0.97342 8.01874
0.97342 8.01875
0.97342 8.01875
0.97342 8.01875
0.97341 8.01876
0.97341 8.01875
0.97341 8.01877
0.97341 8.01878
0.97341 8.01877
0.97341 8.01878
0.97341 8.0188
0.97341 8.0188
0.97341 8.01882
0.9734 8.0188
0.9734 8.01881
0.9734 8.01882
0.9734 8.01882
0.9734 8.01884
0.9734 8.01884
0.9734 8.01884
0.97339 8.01885
0.97339 8.01885
0.97339 8.01886
0.97339 8.01886
0.97339 8.01886
0.97339 8.01887
0.97339 8.01889
0.97339 8.01889
0.97339 8.01889
0.97338 8.0189
0.97338 8.01891
0.97338 8.01891
0.97338 8.01892
0.97338 8.01892
0.97338 8.01893
0.97338 8.01894
0.97338 8.01894
0.97338 8.01895
0.97337 8.01895
0.97337 8.01896
0.97337 8.01897
0.97337 8.01897
0.97337 8.01899
0.97337 8.01898
0.97337 8.01899
0.97337 8.019
0.97337 8.01901
0.97337 8.01901
0.97336 8.01901
0.97336 8.01903
0.97336 8.01903
0.97336 8.01902
0.97336 8.01904
0.97336 8.01905
0.97336 8.01905
0.97336 8.01905
0.97336 8.01907
0.97336 8.01907
0.97336 8.01908
0.97336 8.01909
0.97336 8.01909
0.97335 8.0191
0.97335 8.01911
0.97335 8.01911
0.97335 8.01912
0.97335 8.01912
0.97335 8.01913
0.97335 8.01914
0.97335 8.01914
0.97335 8.01915
0.97335 8.01916
0.97335 8.01916
0.97334 8.01916
0.97334 8.01917
0.97334 8.01918
0.97334 8.0192
0.97334 8.01919
0.97334 8.0192
0.97334 8.01921
0.97334 8.01921
0.97334 8.01922
0.97334 8.01923
0.97334 8.01924
0.97334 8.01923
0.97334 8.01925
0.97334 8.01926
0.97334 8.01926
0.97333 8.01926
0.97333 8.01927
0.97333 8.01928
0.97333 8.01929
0.97333 8.0193
0.97333 8.01929
0.97333 8.01931
0.97333 8.01931
0.97333 8.01932
0.97333 8.01933
0.97333 8.01933
0.97333 8.01934
0.97333 8.01934
0.97333 8.01935
0.97333 8.01936
0.97333 8.01936
0.97333 8.01937
0.97332 8.01938
0.97332 8.01938
0.97332 8.01938
0.97332 8.01939
0.97332 8.0194
0.97332 8.0194
0.97332 8.01941
0.97332 8.01942
0.97332 8.01942
0.97332 8.01943
0.97332 8.01945
0.97332 8.01944
0.97332 8.01945
0.97332 8.01945
0.97332 8.01946
0.97332 8.01947
0.97332 8.01947
0.97332 8.01948
0.97332 8.01949
0.97331 8.01949
0.97331 8.0195
0.97331 8.0195
0.97331 8.01951
0.97331 8.01952
0.97331 8.01952
0.97331 8.01953
0.97331 8.01954
0.97331 8.01954
0.97331 8.01954
0.97331 8.01955
0.97331 8.01956
0.97331 8.01957
0.97331 8.01958
0.97331 8.01958
0.97331 8.01958
0.97331 8.01959
0.97331 8.0196
0.97331 8.0196
0.97331 8.0196
0.97331 8.01962
0.97331 8.01962
0.9733 8.01962
0.97331 8.01963
0.9733 8.01964
0.9733 8.01965
0.9733 8.01964
0.9733 8.01966
0.9733 8.01966
0.9733 8.01966
0.9733 8.01967
0.9733 8.01968
0.9733 8.01968
0.9733 8.01969
0.9733 8.01969
0.9733 8.0197
0.9733 8.0197
0.9733 8.01971
0.9733 8.01972
0.9733 8.01973
0.9733 8.01973
0.9733 8.01974
0.9733 8.01974
0.9733 8.01975
0.9733 8.01976
0.9733 8.01976
0.9733 8.01977
0.9733 8.01977
0.9733 8.01977
0.9733 8.01978
0.97329 8.01979
0.97329 8.0198
0.97329 8.01979
0.97329 8.0198
0.97329 8.0198
0.97329 8.01982
0.97329 8.01982
0.97329 8.01982
0.97329 8.01983
0.97329 8.01984
0.97329 8.01984
0.97329 8.01985
0.97329 8.01985
0.97329 8.01986
0.97329 8.01986
0.97329 8.01987
0.97329 8.01988
0.97329 8.01988
0.97329 8.01988
0.97329 8.01989
0.97329 8.0199
0.97329 8.0199
0.97329 8.0199
0.97329 8.01991
0.97329 8.01992
0.97329 8.01993
0.97329 8.01993
0.97329 8.01993
0.97329 8.01994
0.97329 8.01995
0.97329 8.01995
0.97329 8.01996
0.97329 8.01996
0.97329 8.01996
0.97329 8.01997
0.97329 8.01997
0.97328 8.01998
0.97328 8.01998
0.97329 8.01999
0.97328 8.01999
0.97329 8.01999
0.97328 8.02001
0.97328 8.02002
0.97328 8.02002
0.97328 8.02002
0.97328 8.02003
0.97328 8.02003
0.97328 8.02004
0.97328 8.02004
0.97328 8.02004
0.97328 8.02005
0.97328 8.02006
0.97328 8.02007
0.97328 8.02007
0.97328 8.02007
0.97328 8.02007
0.97328 8.02008
0.97328 8.02008
0.97328 8.02009
0.97328 8.02009
0.97328 8.0201
0.97328 8.0201
0.97328 8.02011
0.97328 8.02011
0.97328 8.02012
0.97328 8.02012
0.97328 8.02012
0.97328 8.02012
0.97328 8.02013
0.97328 8.02014
0.97328 8.02015
0.97328 8.02016
0.97328 8.02016
0.97328 8.02016
0.97328 8.02017
0.97328 8.02017
0.97328 8.02017
0.97328 8.02018
0.97328 8.02019
0.97328 8.02019
0.97328 8.0202
0.97328 8.02021
0.97328 8.02021
0.97328 8.02021
0.97328 8.02021
0.97327 8.02021
0.97327 8.02022
0.97327 8.02022
0.97327 8.02023
0.97327 8.02024
0.97327 8.02023
0.97327 8.02024
0.97327 8.02025
0.97327 8.02025
0.97327 8.02026
0.97327 8.02026
0.97327 8.02026
0.97327 8.02027
0.97327 8.02028
0.97327 8.02029
0.97327 8.02029
0.97327 8.02029
0.97327 8.0203
0.97327 8.0203
0.97327 8.0203
0.97327 8.0203
0.97327 8.0203
0.97327 8.02031
0.97327 8.02031
0.97327 8.02031
0.97327 8.02032
0.97327 8.02032
0.97327 8.02033
0.97327 8.02034
0.97327 8.02034
0.97327 8.02034
0.97327 8.02034
0.97327 8.02035
0.97327 8.02036
0.97327 8.02036
0.97327 8.02036
0.97327 8.02037
0.97327 8.02038
0.97327 8.02037
0.97327 8.02038
0.97327 8.02038
0.97327 8.02039
0.97327 8.0204
0.97327 8.02041
0.97327 8.0204
0.97327 8.0204
0.97327 8.02041
0.97327 8.02041
0.97327 8.02041
0.97327 8.02041
0.97327 8.02042
0.97327 8.02042
0.97327 8.02042
0.97327 8.02043
0.97327 8.02044
0.97327 8.02044
0.97327 8.02045
0.97327 8.02045
0.97327 8.02046
0.97327 8.02046
0.97327 8.02047
0.97327 8.02047
0.97327 8.02047
0.97327 8.02048
0.97327 8.02047
0.97327 8.02047
0.97327 8.02048
0.97327 8.02049
0.97327 8.02049
0.97327 8.02049
0.97327 8.02049
0.97327 8.0205
0.97327 8.0205
0.97326 8.02051
0.97326 8.02051
0.97326 8.02052
0.97326 8.02052
0.97327 8.02053
0.97327 8.02053
0.97327 8.02054
0.97326 8.02054
0.97326 8.02054
0.97326 8.02055
0.97326 8.02054
0.97326 8.02055
0.97326 8.02055
0.97326 8.02054
0.97326 8.02056
0.97326 8.02056
0.97326 8.02056
0.97326 8.02057
0.97326 8.02058
0.97326 8.02058
0.97326 8.02059
0.97326 8.02059
0.97326 8.02059
0.97326 8.02059
0.97326 8.02059
0.97326 8.0206
0.97326 8.02059
0.97326 8.0206
0.97326 8.02061
0.97326 8.02061
0.97326 8.02061
0.97326 8.02061
0.97326 8.02061
0.97326 8.02062
0.97326 8.02063
0.97326 8.02063
0.97326 8.02063
0.97326 8.02064
0.97326 8.02064
0.97326 8.02064
0.97326 8.02065
0.97326 8.02065
0.97326 8.02065
0.97326 8.02065
0.97326 8.02065
0.97326 8.02065
0.97326 8.02065
0.97326 8.02065
0.97326 8.02066
0.97326 8.02067
0.97326 8.02067
0.97326 8.02067
0.97326 8.02067
0.97326 8.02067
0.97326 8.02068
0.97326 8.02068
0.97326 8.02069
0.97326 8.02069
0.97326 8.02069
0.97326 8.0207
0.97326 8.0207
0.97326 8.0207
0.97326 8.02071
0.97326 8.02071
0.97326 8.02072
0.97326 8.02072
0.97326 8.02073
0.97326 8.02072
0.97326 8.02072
0.97326 8.02072
0.97326 8.02072
0.97326 8.02073
0.97326 8.02073
0.97326 8.02073
0.97326 8.02074
0.97326 8.02074
0.97326 8.02074
0.97326 8.02074
0.97326 8.02076
0.97326 8.02076
0.97326 8.02076
0.97326 8.02076
0.97326 8.02076
0.97326 8.02076
0.97326 8.02076
0.97326 8.02077
0.97326 8.02077
0.97326 8.02077
0.97326 8.02078
0.97326 8.02078
0.97326 8.02078
0.97326 8.02078
0.97326 8.02078
0.97326 8.02079
0.97326 8.0208
0.97326 8.0208
0.97326 8.0208
0.97326 8.02081
0.97326 8.0208
0.97326 8.0208
0.97326 8.02081
0.97326 8.02081
0.97326 8.02081
0.97326 8.02082
0.97326 8.02083
0.97326 8.02083
0.97326 8.02083
0.97326 8.02083
0.97326 8.02083
0.97326 8.02084
0.97326 8.02084
0.97326 8.02085
0.97326 8.02084
0.97326 8.02085
0.97326 8.02085
0.97326 8.02085
0.97326 8.02085
0.97326 8.02085
0.97326 8.02085
0.97326 8.02086
0.97326 8.02086
0.97326 8.02087
0.97326 8.02087
0.97326 8.02087
0.97326 8.02087
0.97326 8.02088
0.97326 8.02088
0.97326 8.02088
0.97326 8.02087
0.97326 8.02088
0.97326 8.02088
0.97326 8.02088
0.97326 8.02088
0.97326 8.02088
0.97326 8.02089
0.97326 8.02089
0.97325 8.0209
0.97325 8.0209
0.97325 8.0209
0.97325 8.0209
0.97325 8.02091
0.97325 8.0209
0.97325 8.02091
0.97325 8.02091
0.97325 8.02092
0.97325 8.02092
0.97325 8.02092
0.97325 8.02092
0.97325 8.02093
0.97325 8.02094
0.97325 8.02094
0.97325 8.02094
0.97325 8.02093
0.97325 8.02093
0.97325 8.02093
0.97325 8.02094
0.97325 8.02094
0.97325 8.02094
0.97325 8.02094
0.97325 8.02095
0.97325 8.02095
0.97325 8.02096
0.97325 8.02096
0.97325 8.02096
0.97325 8.02096
0.97325 8.02096
0.97325 8.02096
0.97325 8.02096
0.97325 8.02097
0.97325 8.02097
0.97325 8.02098
0.97325 8.02098
0.97325 8.02098
0.97325 8.02098
0.97325 8.02098
0.97325 8.02098
0.97325 8.02099
0.97325 8.02098
0.97325 8.02099
0.97325 8.02099
0.97325 8.021
0.97325 8.021
0.97325 8.021
0.97325 8.021
0.97325 8.021
0.97325 8.021
0.97325 8.021
0.97325 8.02101
0.97325 8.02101
0.97325 8.02101
0.97325 8.02102
0.97325 8.02101
0.97325 8.02102
0.97325 8.02102
0.97325 8.02102
0.97325 8.02102
0.97325 8.02102
0.97325 8.02102
0.97325 8.02103
0.97325 8.02103
0.97325 8.02103
0.97325 8.02104
0.97325 8.02104
0.97325 8.02104
0.97325 8.02104
0.97325 8.02104
0.97325 8.02105
0.97325 8.02105
0.97325 8.02105
0.97325 8.02105
0.97325 8.02105
0.97325 8.02105
0.97325 8.02106
0.97325 8.02106
0.97325 8.02106
0.97325 8.02106
0.97325 8.02106
0.97325 8.02107
0.97325 8.02106
0.97325 8.02107
0.97325 8.02107
0.97325 8.02107
0.97325 8.02107
0.97325 8.02108
0.97325 8.02108
0.97325 8.02108
0.97325 8.02108
0.97325 8.02109
0.97325 8.02109
0.97325 8.02109
0.97325 8.02109
0.97325 8.02109
0.97325 8.0211
0.97325 8.0211
0.97325 8.0211
0.97325 8.0211
0.97325 8.02111
0.97325 8.0211
0.97325 8.02111
0.97325 8.02111
0.97325 8.02111
0.97325 8.02111
0.97325 8.02111
0.97325 8.02111
0.97325 8.02111
0.97325 8.02112
0.97325 8.02111
0.97325 8.02112
0.97325 8.02112
0.97325 8.02113
0.97325 8.02113
0.97325 8.02113
0.97325 8.02113
0.97325 8.02113
0.97325 8.02113
0.97325 8.02114
0.97325 8.02114
0.97325 8.02113
0.97325 8.02113
0.97325 8.02114
0.97325 8.02114
0.97325 8.02114
0.97325 8.02114
0.97325 8.02115
0.97325 8.02115
0.97325 8.02115
0.97325 8.02115
0.97325 8.02115
0.97325 8.02115
0.97325 8.02115
0.97325 8.02115
0.97325 8.02116
0.97325 8.02116
0.97325 8.02116
0.97325 8.02117
0.97325 8.02117
0.97325 8.02117
0.97325 8.02117
0.97325 8.02117
0.97325 8.02117
0.97325 8.02118
0.97325 8.02118
0.97325 8.02118
0.97325 8.02118
0.97325 8.02118
0.97325 8.02118
0.97325 8.02118
0.97325 8.02119
0.97325 8.02119
0.97325 8.02119
0.97325 8.02119
0.97325 8.02119
0.97325 8.02119
0.97325 8.02119
0.97325 8.0212
0.97325 8.0212
0.97325 8.0212
0.97325 8.0212
0.97325 8.0212
0.97325 8.0212
0.97325 8.0212
0.97325 8.0212
0.97325 8.0212
0.97325 8.0212
0.97325 8.02121
0.97325 8.02121
0.97325 8.0212
0.97325 8.02121
0.97325 8.02121
0.97325 8.02121
0.97325 8.02121
0.97325 8.02122
0.97325 8.02122
0.97325 8.02122
0.97325 8.02122
0.97325 8.02122
0.97325 8.02122
0.97325 8.02122
0.97325 8.02123
0.97325 8.02123
0.97325 8.02123
0.97325 8.02123
0.97325 8.02123
0.97325 8.02123
0.97325 8.02123
0.97325 8.02123
0.97325 8.02123
0.97325 8.02124
0.97325 8.02124
0.97325 8.02123
0.97325 8.02124
0.97325 8.02124
0.97325 8.02124
0.97325 8.02124
0.97325 8.02124
0.97325 8.02124
0.97325 8.02125
0.97325 8.02125
0.97325 8.02125
0.97325 8.02125
0.97325 8.02125
0.97325 8.02125
0.97325 8.02126
0.97325 8.02126
0.97325 8.02126
0.97325 8.02125
0.97325 8.02125
0.97325 8.02126
0.97325 8.02126
0.97325 8.02126
0.97325 8.02126
0.97325 8.02126
0.97325 8.02126
0.97325 8.02127
0.97325 8.02127
0.97325 8.02127
0.97325 8.02127
0.97325 8.02127
0.97325 8.02127
0.97325 8.02127
0.97325 8.02127
0.97325 8.02127
0.97325 8.02128
0.97325 8.02128
0.97325 8.02128
0.97325 8.02128
0.97325 8.02128
0.97325 8.02128
0.97325 8.02128
0.97325 8.02129
0.97325 8.02129
0.97325 8.02129
0.97325 8.02129
0.97325 8.02129
0.97325 8.02128
0.97325 8.02129
0.97325 8.02129
0.97325 8.02129
0.97325 8.0213
0.97325 8.0213
0.97325 8.0213
0.97325 8.0213
0.97325 8.0213
0.97325 8.0213
0.97325 8.0213
0.97325 8.0213
0.97325 8.0213
0.97325 8.0213
0.97325 8.02131
0.97325 8.02131
0.97325 8.02131
0.97325 8.02131
0.97325 8.02131
0.97325 8.02132
0.97325 8.02131
0.97325 8.02132
0.97325 8.02132
0.97325 8.02132
0.97325 8.02132
0.97325 8.02132
0.97325 8.02132
0.97325 8.02132
0.97325 8.02132
0.97325 8.02132
0.97325 8.02133
0.97325 8.02132
0.97325 8.02132
0.97325 8.02132
0.97325 8.02133
0.97325 8.02133
0.97325 8.02133
0.97325 8.02133
0.97325 8.02133
0.97325 8.02133
0.97325 8.02133
0.97325 8.02133
0.97325 8.02133
0.97325 8.02133
0.97325 8.02134
0.97325 8.02134
0.97325 8.02134
0.97325 8.02134
0.97325 8.02134
0.97325 8.02134
0.97325 8.02134
0.97325 8.02134
0.97325 8.02134
0.97325 8.02134
0.97325 8.02134
0.97325 8.02134
0.97325 8.02134
0.97325 8.02135
0.97325 8.02135
0.97325 8.02136
0.97325 8.02136
0.97325 8.02136
0.97325 8.02135
0.97325 8.02136
0.97325 8.02136
0.97325 8.02136
0.97325 8.02136
0.97325 8.02136
0.97325 8.02136
0.97325 8.02136
0.97325 8.02136
0.97325 8.02136
0.97325 8.02136
0.97325 8.02136
0.97325 8.02136
0.97325 8.02136
0.97325 8.02136
0.97325 8.02137
0.97325 8.02137
0.97325 8.02137
0.97325 8.02137
0.97325 8.02137
0.97325 8.02137
0.97325 8.02137
0.97325 8.02137
0.97325 8.02137
0.97325 8.02137
0.97325 8.02137
0.97325 8.02138
0.97325 8.02137
0.97325 8.02137
0.97325 8.02138
0.97325 8.02138
0.97325 8.02138
0.97325 8.02138
0.97325 8.02138
0.97325 8.02138
0.97325 8.02138
0.97325 8.02138
0.97325 8.02138
0.97325 8.02138
0.97325 8.02138
0.97325 8.02138
0.97325 8.02138
0.97325 8.02138
0.97325 8.02138
0.97325 8.02139
0.97325 8.02139
0.97325 8.02139
0.97325 8.02139
0.97325 8.02139
0.97325 8.02139
0.97325 8.02139
0.97325 8.02139
0.97325 8.02139
0.97325 8.02139
0.97325 8.0214
0.97325 8.0214
0.97325 8.0214
0.97325 8.0214
0.97325 8.0214
0.97325 8.0214
0.97325 8.0214
0.97325 8.02141
0.97325 8.02141
0.97325 8.02141
0.97325 8.02141
0.97325 8.02141
0.97325 8.0214
0.97325 8.0214
0.97325 8.0214
0.97325 8.02141
0.97325 8.02141
0.97325 8.02141
0.97325 8.02141
0.97325 8.02141
0.97325 8.02141
0.97325 8.02141
0.97325 8.02141
0.97325 8.02141
0.97325 8.02141
0.97325 8.02141
0.97325 8.02141
0.97325 8.02141
0.97325 8.02142
0.97325 8.02142
0.97325 8.02141
0.97325 8.02141
0.97325 8.02142
0.97325 8.02142
0.97325 8.02142
0.97325 8.02142
0.97325 8.02142
0.97325 8.02142
0.97325 8.02142
0.97325 8.02142
0.97325 8.02142
0.97325 8.02142
0.97325 8.02143
0.97325 8.02143
0.97325 8.02143
0.97325 8.02142
0.97325 8.02142
0.97325 8.02142
0.97325 8.02142
0.97325 8.02142
0.97325 8.02142
0.97325 8.02142
0.97325 8.02143
0.97325 8.02143
0.97325 8.02143
0.97325 8.02143
0.97325 8.02143
0.97325 8.02144
0.97325 8.02144
0.97325 8.02144
0.97325 8.02144
0.97325 8.02144
0.97325 8.02144
0.97325 8.02144
0.97325 8.02144
0.97325 8.02144
0.97325 8.02144
0.97325 8.02144
0.97325 8.02145
0.97325 8.02145
0.97325 8.02145
0.97325 8.02145
0.97325 8.02145
0.97325 8.02144
0.97325 8.02144
0.97325 8.02144
0.97325 8.02144
0.97325 8.02144
0.97325 8.02144
0.97325 8.02144
0.97325 8.02144
0.97325 8.02145
0.97325 8.02145
0.97325 8.02145
0.97325 8.02145
0.97325 8.02145
0.97325 8.02145
0.97325 8.02145
0.97325 8.02145
0.97325 8.02144
0.97325 8.02145
0.97325 8.02145
0.97325 8.02145
0.97325 8.02145
0.97325 8.02145
0.97325 8.02145
0.97325 8.02145
0.97325 8.02146
0.97325 8.02146
0.97325 8.02146
0.97325 8.02146
0.97325 8.02146
0.97325 8.02146
0.97325 8.02146
0.97325 8.02146
0.97325 8.02146
0.97325 8.02146
0.97325 8.02146
0.97325 8.02146
0.97325 8.02146
0.97325 8.02146
0.97325 8.02146
0.97325 8.02146
0.97325 8.02146
0.97325 8.02146
0.97325 8.02146
0.97325 8.02146
0.97325 8.02147
0.97325 8.02147
0.97325 8.02146
0.97325 8.02147
0.97325 8.02147
0.97325 8.02147
0.97325 8.02147
0.97325 8.02147
0.97325 8.02147
0.97325 8.02147
0.97325 8.02147
0.97325 8.02147
0.97325 8.02147
0.97325 8.02147
0.97325 8.02148
0.97325 8.02148
0.97325 8.02148
0.97325 8.02148
0.97325 8.02148
0.97325 8.02148
0.97325 8.02148
0.97325 8.02148
0.97325 8.02148
0.97325 8.02148
0.97325 8.02148
0.97325 8.02148
0.97325 8.02148
0.97325 8.02148
0.97325 8.02148
0.97325 8.02148
0.97325 8.02148
0.97325 8.02148
0.97325 8.02148
0.97325 8.02148
0.97325 8.02148
0.97325 8.02148
0.97325 8.02148
0.97325 8.02148
0.97325 8.02148
0.97325 8.02148
0.97325 8.02148
0.97325 8.02148
0.97325 8.02148
0.97325 8.02148
0.97325 8.02148
0.97325 8.02149
0.97325 8.02149
0.97325 8.02149
0.97325 8.02149
0.97325 8.02149
0.97325 8.02149
0.97325 8.02149
0.97325 8.02149
0.97325 8.02149
0.97325 8.02149
0.97325 8.02149
0.97325 8.02149
0.97325 8.02149
0.97325 8.02149
0.97325 8.02149
0.97325 8.02149
0.97325 8.02149
0.97325 8.02149
0.97325 8.02149
0.97325 8.02149
0.97325 8.02149
0.97325 8.02149
0.97325 8.02149
0.97325 8.02149
0.97325 8.02149
0.97325 8.02149
0.97325 8.02149
0.97325 8.02149
0.97325 8.0215
0.97325 8.0215
0.97325 8.0215
0.97325 8.0215
0.97325 8.02149
0.97325 8.02149
0.97325 8.02149
0.97325 8.0215
0.97325 8.0215
0.97325 8.0215
0.97325 8.02151
0.97325 8.02151
0.97325 8.02151
0.97325 8.0215
0.97325 8.02151
0.97325 8.02151
0.97325 8.0215
0.97325 8.0215
0.97325 8.02151
0.97325 8.02151
0.97325 8.02151
0.97325 8.02151
0.97325 8.02151
0.97325 8.02151
0.97325 8.02151
0.97325 8.02151
0.97325 8.02151
0.97325 8.02151
0.97325 8.02151
0.97325 8.02151
0.97325 8.02151
0.97325 8.02151
0.97325 8.02151
0.97325 8.02151
0.97325 8.02151
0.97325 8.02151
0.97325 8.02151
0.97325 8.02151
0.97325 8.02151
0.97325 8.02151
0.97325 8.02151
0.97325 8.02151
0.97325 8.02151
0.97325 8.02151
0.97325 8.02151
0.97325 8.02151
0.97325 8.02151
0.97325 8.02151
0.97325 8.02151
0.97325 8.02151
0.97325 8.02151
0.97325 8.02151
0.97325 8.02151
0.97325 8.02151
0.97325 8.02151
0.97325 8.02151
0.97325 8.02151
0.97325 8.02151
0.97325 8.02151
0.97325 8.02152
0.97325 8.02152
0.97325 8.02152
0.97325 8.02152
0.97325 8.02152
0.97325 8.02152
0.97325 8.02152
0.97325 8.02153
0.97325 8.02153
0.97325 8.02153
0.97325 8.02153
0.97325 8.02153
0.97325 8.02153
0.97325 8.02153
0.97325 8.02153
0.97325 8.02153
0.97325 8.02153
0.97325 8.02153
0.97325 8.02153
0.97325 8.02153
0.97325 8.02153
0.97325 8.02153
0.97325 8.02153
0.97325 8.02153
0.97325 8.02153
0.97325 8.02153
0.97325 8.02153
0.97325 8.02153
0.97325 8.02153
0.97325 8.02153
0.97325 8.02153
0.97325 8.02153
0.97325 8.02153
0.97325 8.02153
0.97325 8.02153
0.97325 8.02153
0.97325 8.02153
0.97325 8.02153
0.97325 8.02154
0.97325 8.02154
0.97325 8.02154
0.97325 8.02154
0.97325 8.02154
0.97325 8.02154
0.97325 8.02154
0.97325 8.02154
0.97325 8.02154
0.97325 8.02154
0.97325 8.02154
0.97325 8.02154
0.97325 8.02154
0.97325 8.02154
0.97325 8.02154
0.97325 8.02154
0.97325 8.02154
0.97325 8.02154
0.97325 8.02154
0.97325 8.02153
0.97325 8.02153
0.97325 8.02153
0.97325 8.02154
0.97325 8.02154
0.97325 8.02154
0.97325 8.02154
0.97325 8.02154
0.97325 8.02154
0.97325 8.02154
0.97325 8.02154
0.97325 8.02154
0.97325 8.02154
0.97325 8.02154
0.97325 8.02154
0.97325 8.02154
0.97325 8.02154
0.97325 8.02154
0.97325 8.02154
0.97325 8.02154
0.97325 8.02154
0.97325 8.02154
0.97325 8.02154
0.97325 8.02154
0.97325 8.02154
0.97325 8.02154
0.97325 8.02154
0.97325 8.02154
0.97325 8.02154
0.97325 8.02154
0.97325 8.02154
0.97325 8.02154
0.97325 8.02154
0.97325 8.02154
0.97325 8.02154
0.97325 8.02154
0.97325 8.02154
0.97325 8.02155
0.97325 8.02155
0.97325 8.02155
0.97325 8.02155
0.97325 8.02155
0.97325 8.02155
0.97325 8.02155
0.97325 8.02155
0.97325 8.02155
0.97325 8.02155
0.97325 8.02155
0.97325 8.02155
0.97325 8.02155
0.97325 8.02155
0.97325 8.02155
0.97325 8.02155
0.97325 8.02155
0.97325 8.02155
0.97325 8.02155
0.97325 8.02155
0.97325 8.02155
0.97325 8.02155
0.97325 8.02155
0.97325 8.02155
0.97325 8.02155
0.97325 8.02155
0.97325 8.02155
0.97325 8.02155
0.97325 8.02155
0.97325 8.02155
0.97325 8.02155
0.97325 8.02155
0.97325 8.02155
0.97325 8.02155
0.97325 8.02155
0.97325 8.02155
0.97325 8.02156
0.97325 8.02156
0.97325 8.02156
0.97325 8.02156
0.97325 8.02156
0.97325 8.02156
0.97325 8.02156
0.97325 8.02156
0.97325 8.02156
0.97325 8.02156
0.97325 8.02156
0.97325 8.02156
0.97325 8.02156
0.97325 8.02155
0.97325 8.02155
0.97325 8.02155
0.97325 8.02156
0.97325 8.02155
0.97325 8.02156
0.97325 8.02156
0.97325 8.02156
0.97325 8.02156
0.97325 8.02156
0.97325 8.02156
0.97325 8.02156
0.97325 8.02156
0.97325 8.02156
0.97325 8.02156
0.97325 8.02156
0.97325 8.02156
0.97325 8.02156
0.97325 8.02156
0.97325 8.02156
0.97325 8.02156
0.97325 8.02156
0.97325 8.02156
0.97325 8.02156
0.97325 8.02157
0.97325 8.02157
0.97325 8.02157
0.97325 8.02156
0.97325 8.02157
0.97325 8.02156
0.97325 8.02157
0.97325 8.02157
0.97325 8.02157
0.97325 8.02157
0.97325 8.02157
0.97325 8.02157
0.97325 8.02157
0.97325 8.02157
0.97325 8.02157
0.97325 8.02157
0.97325 8.02157
0.97325 8.02157
0.97325 8.02157
0.97325 8.02158
0.97325 8.02158
0.97325 8.02158
0.97325 8.02158
0.97325 8.02158
0.97325 8.02158
0.97325 8.02158
0.97325 8.02158
0.97325 8.02158
0.97325 8.02158
0.97325 8.02158
0.97325 8.02158
0.97325 8.02158
0.97325 8.02158
0.97325 8.02158
0.97325 8.02158
0.97325 8.02158
0.97325 8.02158
0.97325 8.02158
0.97325 8.02158
0.97325 8.02158
0.97325 8.02158
0.97325 8.02158
0.97325 8.02158
0.97325 8.02158
0.97325 8.02158
0.97325 8.02158
0.97325 8.02158
0.97325 8.02158
0.97325 8.02158
0.97325 8.02158
0.97325 8.02158
0.97325 8.02158
0.97325 8.02158
0.97325 8.02158
0.97325 8.02158
0.97325 8.02158
0.97325 8.02158
0.97325 8.02158
0.97325 8.02159
0.97325 8.02159
0.97325 8.02159
0.97325 8.02159
0.97325 8.02159
0.97325 8.02159
0.97325 8.02159
0.97325 8.02159
0.97325 8.02159
0.97325 8.02159
0.97325 8.02159
0.97325 8.02159
0.97325 8.0216
0.97325 8.02159
0.97325 8.02159
0.97325 8.0216
0.97325 8.0216
0.97325 8.0216
0.97325 8.0216
0.97325 8.0216
0.97325 8.0216
0.97325 8.0216
0.97325 8.0216
0.97325 8.0216
0.97325 8.0216
0.97325 8.0216
0.97325 8.0216
0.97325 8.0216
0.97325 8.0216
0.97325 8.0216
0.97325 8.0216
0.97325 8.0216
0.97325 8.0216
0.97325 8.0216
0.97325 8.0216
0.97325 8.0216
0.97325 8.0216
0.97325 8.0216
0.97325 8.0216
0.97325 8.0216
0.97325 8.0216
0.97325 8.0216
0.97325 8.0216
0.97325 8.0216
0.97325 8.0216
0.97325 8.0216
0.97325 8.0216
0.97325 8.0216
0.97325 8.0216
0.97325 8.0216
0.97325 8.0216
0.97325 8.0216
0.97325 8.0216
0.97325 8.0216
0.97325 8.0216
0.97325 8.0216
0.97325 8.0216
0.97325 8.0216
0.97325 8.0216
0.97325 8.0216
0.97325 8.0216
0.97325 8.0216
0.97325 8.0216
0.97325 8.0216
0.97325 8.0216
0.97325 8.0216
0.97325 8.0216
0.97325 8.0216
0.97325 8.0216
0.97325 8.0216
0.97325 8.0216
0.97325 8.02161
0.97325 8.02161
0.97325 8.02161
0.97325 8.02161
0.97325 8.02161
0.97325 8.02161
0.97325 8.02161
0.97325 8.02161
0.97325 8.02161
0.97325 8.02161
0.97325 8.02161
0.97325 8.02161
0.97325 8.02161
0.97325 8.02161
0.97325 8.02161
0.97325 8.02161
0.97325 8.02161
0.97325 8.02161
0.97325 8.02161
0.97325 8.02161
0.97325 8.02161
0.97325 8.02161
0.97325 8.02161
0.97325 8.02161
0.97325 8.02161
0.97325 8.02161
0.97325 8.02161
0.97325 8.02161
0.97325 8.02161
0.97325 8.02161
0.97325 8.02162
0.97325 8.02162
0.97325 8.02161
0.97325 8.02162
0.97325 8.02162
0.97325 8.02162
0.97325 8.02162
0.97325 8.02162
0.97325 8.02162
0.97325 8.02162
0.97325 8.02162
0.97325 8.02162
0.97325 8.02162
0.97325 8.02162
0.97325 8.02162
0.97325 8.02162
0.97325 8.02162
0.97325 8.02162
0.97325 8.02162
0.97325 8.02162
0.97325 8.02162
0.97325 8.02162
0.97325 8.02162
0.97325 8.02162
0.97325 8.02162
0.97325 8.02162
0.97325 8.02162
0.97325 8.02162
0.97325 8.02162
0.97325 8.02162
0.97325 8.02162
0.97325 8.02162
0.97325 8.02162
0.97325 8.02162
0.97325 8.02162
0.97325 8.02162
0.97325 8.02162
0.97325 8.02162
0.97325 8.02162
0.97325 8.02162
0.97325 8.02162
0.97325 8.02162
0.97325 8.02162
0.97325 8.02162
0.97325 8.02162
0.97325 8.02162
0.97325 8.02162
0.97325 8.02162
0.97325 8.02162
0.97325 8.02162
0.97325 8.02162
0.97325 8.02162
0.97325 8.02162
0.97325 8.02162
0.97325 8.02162
0.97325 8.02162
0.97325 8.02162
0.97325 8.02162
0.97325 8.02163
0.97325 8.02163
0.97325 8.02163
0.97325 8.02163
0.97325 8.02163
0.97325 8.02163
0.97325 8.02163
0.97325 8.02163
0.97325 8.02163
0.97325 8.02163
0.97325 8.02163
0.97325 8.02163
0.97325 8.02163
0.97325 8.02163
0.97325 8.02163
0.97325 8.02163
0.97325 8.02163
0.97325 8.02163
0.97325 8.02163
0.97325 8.02163
0.97325 8.02163
0.97325 8.02163
0.97325 8.02163
0.97325 8.02163
0.97325 8.02163
0.97325 8.02163
0.97325 8.02163
0.97325 8.02163
0.97325 8.02163
0.97325 8.02163
0.97325 8.02163
0.97325 8.02163
0.97325 8.02163
0.97325 8.02163
0.97325 8.02163
0.97325 8.02163
0.97325 8.02163
0.97325 8.02163
0.97325 8.02163
0.97325 8.02163
0.97325 8.02163
0.97325 8.02163
0.97325 8.02163
0.97325 8.02163
0.97325 8.02163
0.97325 8.02163
0.97325 8.02163
0.97325 8.02163
0.97325 8.02163
0.97325 8.02163
0.97325 8.02163
0.97325 8.02163
0.97325 8.02163
0.97325 8.02163
0.97325 8.02163
0.97325 8.02163
0.97325 8.02163
0.97325 8.02163
0.97325 8.02163
0.97325 8.02163
0.97325 8.02163
0.97325 8.02163
0.97325 8.02163
0.97325 8.02163
0.97325 8.02163
0.97325 8.02163
0.97325 8.02163
0.97325 8.02163
0.97325 8.02163
0.97325 8.02163
0.97325 8.02163
0.97325 8.02163
0.97325 8.02163
0.97325 8.02163
0.97325 8.02163
0.97325 8.02163
0.97325 8.02163
0.97325 8.02163
0.97325 8.02163
0.97325 8.02163
0.97325 8.02163
0.97325 8.02163
0.97325 8.02163
0.97325 8.02163
0.97325 8.02163
0.97325 8.02163
0.97325 8.02163
0.97325 8.02163
0.97325 8.02163
0.97325 8.02163
0.97325 8.02163
0.97325 8.02163
0.97325 8.02163
0.97325 8.02163
0.97325 8.02163
0.97325 8.02163
0.97325 8.02163
0.97325 8.02163
0.97325 8.02163
0.97325 8.02163
0.97325 8.02163
0.97325 8.02163
0.97325 8.02163
0.97325 8.02164
0.97325 8.02164
0.97325 8.02164
0.97325 8.02164
0.97325 8.02163
0.97325 8.02164
0.97325 8.02164
0.97325 8.02164
0.97325 8.02164
0.97325 8.02164
0.97325 8.02164
0.97325 8.02164
0.97325 8.02164
0.97325 8.02164
0.97325 8.02164
0.97325 8.02164
0.97325 8.02165
0.97325 8.02165
0.97325 8.02165
0.97325 8.02165
0.97325 8.02165
0.97325 8.02165
0.97325 8.02165
0.97325 8.02165
0.97325 8.02165
0.97325 8.02165
0.97325 8.02165
0.97325 8.02165
0.97325 8.02165
0.97325 8.02165
0.97325 8.02165
0.97325 8.02165
0.97325 8.02165
0.97325 8.02165
0.97325 8.02165
0.97325 8.02165
0.97325 8.02165
0.97325 8.02165
0.97325 8.02165
0.97325 8.02165
0.97325 8.02165
0.97325 8.02165
0.97325 8.02165
0.97325 8.02165
0.97325 8.02165
0.97325 8.02164
0.97325 8.02164
0.97325 8.02164
0.97325 8.02164
0.97325 8.02164
0.97325 8.02164
0.97325 8.02164
0.97325 8.02164
0.97325 8.02164
0.97325 8.02164
0.97325 8.02164
0.97325 8.02164
0.97325 8.02164
0.97325 8.02164
0.97325 8.02164
0.97325 8.02164
0.97325 8.02164
0.97325 8.02164
0.97325 8.02164
0.97325 8.02164
0.97325 8.02164
0.97325 8.02164
0.97325 8.02164
0.97325 8.02164
0.97325 8.02165
0.97325 8.02164
0.97325 8.02164
0.97325 8.02164
0.97325 8.02164
0.97325 8.02164
0.97325 8.02164
0.97325 8.02164
0.97325 8.02164
0.97325 8.02164
0.97325 8.02164
0.97325 8.02164
0.97325 8.02164
0.97325 8.02164
0.97325 8.02164
0.97325 8.02164
0.97325 8.02164
0.97325 8.02164
0.97325 8.02165
0.97325 8.02165
0.97325 8.02165
0.97325 8.02165
0.97325 8.02165
0.97325 8.02165
0.97325 8.02165
